fecha,Usos bicis abono anual día,Usos bicis abono ocasional día,Usos bicis total día
2014-06-23,20,79,99
2014-06-24,24,48,72
2014-06-25,105,14,119
2014-06-26,120,15,135
2014-06-27,131,18,149
2014-06-28,101,18,119
2014-06-29,107,33,140
2014-06-30,121,16,137
2014-07-01,126,6,132
2014-07-02,128,2,130
2014-07-03,85,7,92
2014-07-04,121,4,125
2014-07-05,783,3,786
2014-07-06,1230,5,1235
2014-07-07,1324,3,1327
2014-07-08,1774,6,1780
2014-07-09,1874,8,1882
2014-07-10,2266,7,2273
2014-07-11,2212,2,2214
2014-07-12,1949,4,1953
2014-07-13,1792,2,1794
2014-07-14,2311,3,2314
2014-07-15,2537,2,2539
2014-07-16,2673,7,2680
2014-07-17,2651,8,2659
2014-07-18,2547,5,2552
2014-07-19,2359,2,2361
2014-07-20,2371,2,2373
2014-07-21,2676,3,2679
2014-07-22,2935,4,2939
2014-07-23,2927,5,2932
2014-07-24,3204,9,3213
2014-07-25,3084,2,3086
2014-07-26,2467,0,2467
2014-07-27,2321,0,2321
2014-07-28,2894,4,2898
2014-07-29,3168,3,3171
2014-07-30,3238,5,3243
2014-07-31,3365,5,3370
2014-08-01,3048,6,3054
2014-08-02,2533,1,2534
2014-08-03,2624,0,2624
2014-08-04,2813,4,2817
2014-08-05,2830,6,2836
2014-08-06,3054,6,3060
2014-08-07,2967,5,2972
2014-08-08,2907,9,2916
2014-08-09,2582,0,2582
2014-08-10,2687,1,2688
2014-08-11,2900,2,2902
2014-08-12,3008,3,3011
2014-08-13,3102,9,3111
2014-08-14,2791,3,2794
2014-08-15,2392,0,2392
2014-08-16,2254,0,2254
2014-08-17,2444,3,2447
2014-08-18,2945,5,2950
2014-08-19,3155,5,3160
2014-08-20,3358,0,3358
2014-08-21,3678,4,3682
2014-08-22,3419,0,3419
2014-08-23,3158,0,3158
2014-08-24,3421,1,3422
2014-08-25,3556,3,3559
2014-08-26,3992,1,3993
2014-08-27,4008,2,4010
2014-08-28,4125,6,4131
2014-08-29,4255,5,4260
2014-08-30,4002,1,4003
2014-08-31,4323,0,4323
2014-09-01,4292,7,4299
2014-09-02,4608,8,4616
2014-09-03,5163,8,5171
2014-09-04,5334,5,5339
2014-09-05,4957,1,4958
2014-09-06,4791,1,4792
2014-09-07,4724,1,4725
2014-09-08,4917,3,4920
2014-09-09,5209,6,5215
2014-09-10,5297,0,5297
2014-09-11,5246,7,5253
2014-09-12,5340,1,5341
2014-09-13,4827,0,4827
2014-09-14,4978,1,4979
2014-09-15,5022,7,5029
2014-09-16,5021,2,5023
2014-09-17,4739,1,4740
2014-09-18,4319,1,4320
2014-09-19,4858,1,4859
2014-09-20,5028,2,5030
2014-09-21,4955,0,4955
2014-09-22,4750,5,4755
2014-09-23,5403,2,5405
2014-09-24,4867,1,4868
2014-09-25,5904,2,5906
2014-09-26,5595,3,5598
2014-09-27,5083,0,5083
2014-09-28,4008,1,4009
2014-09-29,4976,6,4982
2014-09-30,5616,4,5620
2014-10-01,5894,5,5899
2014-10-02,6050,0,6050
2014-10-03,6325,8,6333
2014-10-04,6017,0,6017
2014-10-05,5720,0,5720
2014-10-06,5427,4,5431
2014-10-07,5751,2,5753
2014-10-08,6037,10,6047
2014-10-09,3697,3,3700
2014-10-10,4669,6,4675
2014-10-11,4292,0,4292
2014-10-12,4625,3,4628
2014-10-13,4443,3,4446
2014-10-14,4009,0,4009
2014-10-15,5513,3,5516
2014-10-16,5946,2,5948
2014-10-17,6839,1,6840
2014-10-18,6265,1,6266
2014-10-19,5941,1,5942
2014-10-20,5732,4,5736
2014-10-21,6145,0,6145
2014-10-22,6309,0,6309
2014-10-23,6321,1,6322
2014-10-24,6575,4,6579
2014-10-25,6209,1,6210
2014-10-26,6004,1,6005
2014-10-27,5635,2,5637
2014-10-28,5873,4,5877
2014-10-29,5967,0,5967
2014-10-30,6099,0,6099
2014-10-31,6021,2,6023
2014-11-01,5219,0,5219
2014-11-02,4170,0,4170
2014-11-03,3509,3,3512
2014-11-04,4361,2,4363
2014-11-05,4998,2,5000
2014-11-06,5057,1,5058
2014-11-07,4471,2,4473
2014-11-08,3629,1,3630
2014-11-09,3453,1,3454
2014-11-10,3156,0,3156
2014-11-11,2578,4,2582
2014-11-12,4628,8,4636
2014-11-13,4003,3,4006
2014-11-14,3485,0,3485
2014-11-15,3737,0,3737
2014-11-16,3786,0,3786
2014-11-17,3971,5,3976
2014-11-18,4086,1,4087
2014-11-19,4578,2,4580
2014-11-20,4878,2,4880
2014-11-21,5042,2,5044
2014-11-22,4567,4,4571
2014-11-23,3629,2,3631
2014-11-24,4131,4,4135
2014-11-25,3753,0,3753
2014-11-26,4476,5,4481
2014-11-27,3261,0,3261
2014-11-28,2133,0,2133
2014-11-29,3137,30,3167
2014-11-30,3703,57,3760
2014-12-01,4225,11,4236
2014-12-02,4573,7,4580
2014-12-03,4350,4,4354
2014-12-04,4546,9,4555
2014-12-05,4533,21,4554
2014-12-06,3114,45,3159
2014-12-07,2986,85,3071
2014-12-08,3045,59,3104
2014-12-09,3673,25,3698
2014-12-10,4189,14,4203
2014-12-11,4490,32,4522
2014-12-12,4761,35,4796
2014-12-13,2676,23,2699
2014-12-14,1740,2,1742
2014-12-15,3960,19,3979
2014-12-16,4378,31,4409
2014-12-17,4547,27,4574
2014-12-18,4828,25,4853
2014-12-19,5126,47,5173
2014-12-20,4454,99,4553
2014-12-21,4027,174,4201
2014-12-22,3962,76,4038
2014-12-23,3960,65,4025
2014-12-24,2765,62,2827
2014-12-25,2073,145,2218
2014-12-26,3171,138,3309
2014-12-27,3079,157,3236
2014-12-28,2471,107,2578
2014-12-29,3060,87,3147
2014-12-30,3262,94,3356
2014-12-31,2609,133,2742
2015-01-01,2018,149,2167
2015-01-02,2880,153,3033
2015-01-03,3187,170,3357
2015-01-04,3296,154,3450
2015-01-05,4039,117,4156
2015-01-06,2651,115,2766
2015-01-07,3821,58,3879
2015-01-08,4333,60,4393
2015-01-09,4832,86,4918
2015-01-10,4494,94,4588
2015-01-11,4209,141,4350
2015-01-12,4241,44,4285
2015-01-13,4365,34,4399
2015-01-14,4319,23,4342
2015-01-15,3637,26,3663
2015-01-16,4236,18,4254
2015-01-17,3930,111,4041
2015-01-18,2323,49,2372
2015-01-19,3309,22,3331
2015-01-20,3698,12,3710
2015-01-21,3473,27,3500
2015-01-22,4202,20,4222
2015-01-23,4601,26,4627
2015-01-24,4473,107,4580
2015-01-25,4085,150,4235
2015-01-26,4172,59,4231
2015-01-27,4451,28,4479
2015-01-28,4911,38,4949
2015-01-29,4745,21,4766
2015-01-30,3938,33,3971
2015-01-31,3831,60,3891
2015-02-01,3487,125,3612
2015-02-02,2786,14,2800
2015-02-03,3182,51,3233
2015-02-04,3805,25,3830
2015-02-05,3943,16,3959
2015-02-06,4249,27,4276
2015-02-07,3452,45,3497
2015-02-08,3660,98,3758
2015-02-09,4023,30,4053
2015-02-10,4402,11,4413
2015-02-11,4411,25,4436
2015-02-12,4946,39,4985
2015-02-13,5015,67,5082
2015-02-14,4139,153,4292
2015-02-15,3800,189,3989
2015-02-16,4502,98,4600
2015-02-17,4564,67,4631
2015-02-18,4770,42,4812
2015-02-19,5034,44,5078
2015-02-20,4988,64,5052
2015-02-21,4259,176,4435
2015-02-22,4537,233,4770
2015-02-23,4514,77,4591
2015-02-24,4608,31,4639
2015-02-25,5067,47,5114
2015-02-26,5446,65,5511
2015-02-27,5908,115,6023
2015-02-28,5491,273,5764
2015-03-01,5548,305,5853
2015-03-02,5017,92,5109
2015-03-03,5289,70,5359
2015-03-04,5353,51,5404
2015-03-05,5513,27,5540
2015-03-06,6177,71,6248
2015-03-07,6461,326,6787
2015-03-08,6235,482,6717
2015-03-09,5635,85,5720
2015-03-10,6264,111,6375
2015-03-11,6516,111,6627
2015-03-12,6570,123,6693
2015-03-13,6749,139,6888
2015-03-14,5793,267,6060
2015-03-15,4521,173,4694
2015-03-16,5037,46,5083
2015-03-17,5413,65,5478
2015-03-18,3305,20,3325
2015-03-19,3953,59,4012
2015-03-20,3911,58,3969
2015-03-21,3128,84,3212
2015-03-22,3619,118,3737
2015-03-23,1853,16,1869
2015-03-24,5191,33,5224
2015-03-25,5312,51,5363
2015-03-26,6068,96,6164
2015-03-27,7219,208,7427
2015-03-28,6947,563,7510
2015-03-29,6352,472,6824
2015-03-30,6078,234,6312
2015-03-31,6252,199,6451
2015-04-01,5620,222,5842
2015-04-02,4263,445,4708
2015-04-03,4098,620,4718
2015-04-04,4535,624,5159
2015-04-05,5365,696,6061
2015-04-06,6218,316,6534
2015-04-07,6651,144,6795
2015-04-08,6225,130,6355
2015-04-09,4384,39,4423
2015-04-10,7065,105,7170
2015-04-11,7367,313,7680
2015-04-12,7046,395,7441
2015-04-13,6609,131,6740
2015-04-14,7442,124,7566
2015-04-15,6341,60,6401
2015-04-16,6885,59,6944
2015-04-17,8056,129,8185
2015-04-18,7429,333,7762
2015-04-19,6794,542,7336
2015-04-20,6822,177,6999
2015-04-21,7298,132,7430
2015-04-22,7899,138,8037
2015-04-23,8572,159,8731
2015-04-24,8637,244,8881
2015-04-25,7266,448,7714
2015-04-26,3364,104,3468
2015-04-27,6192,78,6270
2015-04-28,7553,103,7656
2015-04-29,8312,130,8442
2015-04-30,8369,178,8547
2015-05-01,6917,587,7504
2015-05-02,6746,732,7478
2015-05-03,6137,529,6666
2015-05-04,7055,187,7242
2015-05-05,7811,112,7923
2015-05-06,8405,149,8554
2015-05-07,8910,130,9040
2015-05-08,9495,230,9725
2015-05-09,9138,558,9696
2015-05-10,8998,652,9650
2015-05-11,8151,169,8320
2015-05-12,8899,144,9043
2015-05-13,9145,138,9283
2015-05-14,9372,213,9585
2015-05-15,7711,483,8194
2015-05-16,7979,633,8612
2015-05-17,7696,644,8340
2015-05-18,8541,240,8781
2015-05-19,8514,153,8667
2015-05-20,8772,128,8900
2015-05-21,8820,215,9035
2015-05-22,8934,179,9113
2015-05-23,8489,468,8957
2015-05-24,8739,530,9269
2015-05-25,8409,295,8704
2015-05-26,9193,180,9373
2015-05-27,9484,200,9684
2015-05-28,9765,191,9956
2015-05-29,9860,201,10061
2015-05-30,8923,445,9368
2015-05-31,9047,424,9471
2015-06-01,8862,213,9075
2015-06-02,9786,170,9956
2015-06-03,10329,154,10483
2015-06-04,9410,360,9770
2015-06-05,9287,201,9488
2015-06-06,8501,446,8947
2015-06-07,8580,484,9064
2015-06-08,9342,258,9600
2015-06-09,9573,157,9730
2015-06-10,8880,82,8962
2015-06-11,8759,149,8908
2015-06-12,10641,175,10816
2015-06-13,9953,355,10308
2015-06-14,8514,388,8902
2015-06-15,7744,111,7855
2015-06-16,10044,179,10223
2015-06-17,10602,120,10722
2015-06-18,11349,163,11512
2015-06-19,11744,239,11983
2015-06-20,10192,499,10691
2015-06-21,9353,403,9756
2015-06-22,9903,183,10086
2015-06-23,9334,148,9482
2015-06-24,11459,179,11638
2015-06-25,12147,182,12329
2015-06-26,11479,197,11676
2015-06-27,9229,302,9531
2015-06-28,8935,369,9304
2015-06-29,9721,141,9862
2015-06-30,10530,180,10710
2015-07-01,11245,177,11422
2015-07-02,11512,174,11686
2015-07-03,11083,192,11275
2015-07-04,9401,328,9729
2015-07-05,7738,304,8042
2015-07-06,8826,176,9002
2015-07-07,9812,168,9980
2015-07-08,10855,187,11042
2015-07-09,12130,249,12379
2015-07-10,11325,205,11530
2015-07-11,9101,332,9433
2015-07-12,8299,363,8662
2015-07-13,10507,259,10766
2015-07-14,10979,169,11148
2015-07-15,11589,134,11723
2015-07-16,11593,157,11750
2015-07-17,10981,212,11193
2015-07-18,9142,355,9497
2015-07-19,8316,427,8743
2015-07-20,10049,268,10317
2015-07-21,10447,192,10639
2015-07-22,10544,151,10695
2015-07-23,11251,179,11430
2015-07-24,10465,218,10683
2015-07-25,8618,393,9011
2015-07-26,7977,316,8293
2015-07-27,9443,159,9602
2015-07-28,10363,189,10552
2015-07-29,10827,159,10986
2015-07-30,10578,155,10733
2015-07-31,9814,189,10003
2015-08-01,8081,282,8363
2015-08-02,7509,359,7868
2015-08-03,8437,177,8614
2015-08-04,8906,203,9109
2015-08-05,9327,179,9506
2015-08-06,9575,271,9846
2015-08-07,8671,175,8846
2015-08-08,7554,374,7928
2015-08-09,6969,374,7343
2015-08-10,7986,189,8175
2015-08-11,8750,191,8941
2015-08-12,9132,251,9383
2015-08-13,8974,236,9210
2015-08-14,8165,231,8396
2015-08-15,7000,297,7297
2015-08-16,6770,336,7106
2015-08-17,8362,200,8562
2015-08-18,8796,269,9065
2015-08-19,8910,227,9137
2015-08-20,9408,294,9702
2015-08-21,8737,306,9043
2015-08-22,7668,475,8143
2015-08-23,7911,469,8380
2015-08-24,8635,223,8858
2015-08-25,9397,212,9609
2015-08-26,10135,197,10332
2015-08-27,10421,189,10610
2015-08-28,10309,245,10554
2015-08-29,9433,400,9833
2015-08-30,8022,312,8334
2015-08-31,9601,142,9743
2015-09-01,11238,162,11400
2015-09-02,11942,158,12100
2015-09-03,12919,171,13090
2015-09-04,12253,177,12430
2015-09-05,10598,454,11052
2015-09-06,10629,561,11190
2015-09-07,10586,226,10812
2015-09-08,12325,194,12519
2015-09-09,12863,184,13047
2015-09-10,13747,164,13911
2015-09-11,13558,254,13812
2015-09-12,11419,513,11932
2015-09-13,10394,549,10943
2015-09-14,11076,206,11282
2015-09-15,10079,106,10185
2015-09-16,7669,64,7733
2015-09-17,11883,127,12010
2015-09-18,13478,199,13677
2015-09-19,12287,328,12615
2015-09-20,11685,745,12430
2015-09-21,12068,230,12298
2015-09-22,13662,130,13792
2015-09-23,13555,198,13753
2015-09-24,14077,183,14260
2015-09-25,14976,332,15308
2015-09-26,13485,594,14079
2015-09-27,12377,723,13100
2015-09-28,11880,239,12119
2015-09-29,12505,130,12635
2015-09-30,13490,137,13627
2015-10-01,13882,198,14080
2015-10-02,15009,250,15259
2015-10-03,13645,538,14183
2015-10-04,11192,595,11787
2015-10-05,9810,165,9975
2015-10-06,12174,144,12318
2015-10-07,12292,143,12435
2015-10-08,13045,150,13195
2015-10-09,13525,241,13766
2015-10-10,11026,576,11602
2015-10-11,9000,469,9469
2015-10-12,10093,533,10626
2015-10-13,8567,104,8671
2015-10-14,11475,163,11638
2015-10-15,12349,142,12491
2015-10-16,13346,185,13531
2015-10-17,9709,321,10030
2015-10-18,6005,232,6237
2015-10-19,8612,175,8787
2015-10-20,11120,190,11310
2015-10-21,11229,165,11394
2015-10-22,11845,171,12016
2015-10-23,12461,226,12687
2015-10-24,12004,484,12488
2015-10-25,11347,495,11842
2015-10-26,8135,102,8237
2015-10-27,8764,87,8851
2015-10-28,9598,77,9675
2015-10-29,11033,128,11161
2015-10-30,12678,219,12897
2015-10-31,11295,395,11690
2015-11-01,9313,471,9784
2015-11-02,4764,69,4833
2015-11-03,8017,98,8115
2015-11-04,8993,72,9065
2015-11-05,10403,80,10483
2015-11-06,11091,161,11252
2015-11-07,10243,577,10820
2015-11-08,9359,433,9792
2015-11-09,8494,492,8986
2015-11-10,10056,172,10228
2015-11-11,10706,137,10843
2015-11-12,11054,137,11191
2015-11-13,12787,260,13047
2015-11-14,11376,393,11769
2015-11-15,10213,459,10672
2015-11-16,9545,110,9655
2015-11-17,10372,64,10436
2015-11-18,10986,73,11059
2015-11-19,11280,71,11351
2015-11-20,12149,168,12317
2015-11-21,9836,311,10147
2015-11-22,7103,206,7309
2015-11-23,7836,62,7898
2015-11-24,8593,69,8662
2015-11-25,9730,63,9793
2015-11-26,10408,97,10505
2015-11-27,11242,131,11373
2015-11-28,10296,379,10675
2015-11-29,8557,304,8861
2015-11-30,8398,70,8468
2015-12-01,9038,58,9096
2015-12-02,9340,64,9404
2015-12-03,10303,44,10347
2015-12-04,10806,105,10911
2015-12-05,9330,429,9759
2015-12-06,8348,503,8851
2015-12-07,7860,250,8110
2015-12-08,7519,345,7864
2015-12-09,9109,82,9191
2015-12-10,9840,50,9890
2015-12-11,11144,127,11271
2015-12-12,9687,218,9905
2015-12-13,8505,200,8705
2015-12-14,7827,77,7904
2015-12-15,9476,82,9558
2015-12-16,9902,67,9969
2015-12-17,10377,142,10519
2015-12-18,10936,109,11045
2015-12-19,10060,280,10340
2015-12-20,8358,177,8535
2015-12-21,8670,152,8822
2015-12-22,9345,187,9532
2015-12-23,8595,190,8785
2015-12-24,4942,128,5070
2015-12-25,3229,317,3546
2015-12-26,4831,305,5136
2015-12-27,5268,319,5587
2015-12-28,4701,168,4869
2015-12-29,6205,193,6398
2015-12-30,6758,219,6977
2015-12-31,4696,255,4951
2016-01-01,3369,289,3658
2016-01-02,4739,298,5037
2016-01-03,3919,153,4072
2016-01-04,4219,95,4314
2016-01-05,6712,144,6856
2016-01-06,3574,79,3653
2016-01-07,6643,84,6727
2016-01-08,6621,89,6710
2016-01-09,6132,126,6258
2016-01-10,3233,40,3273
2016-01-11,5910,40,5950
2016-01-12,7710,52,7762
2016-01-13,8069,58,8127
2016-01-14,5378,23,5401
2016-01-15,8043,41,8084
2016-01-16,7218,224,7442
2016-01-17,5755,161,5916
2016-01-18,7002,51,7053
2016-01-19,7669,44,7713
2016-01-20,7881,47,7928
2016-01-21,7960,42,8002
2016-01-22,7674,54,7728
2016-01-23,8214,327,8541
2016-01-24,8189,401,8590
2016-01-25,8115,100,8215
2016-01-26,8852,103,8955
2016-01-27,8284,65,8349
2016-01-28,6189,31,6220
2016-01-29,7609,52,7661
2016-01-30,7832,233,8065
2016-01-31,7424,402,7826
2016-02-01,8451,139,8590
2016-02-02,8741,115,8856
2016-02-03,9214,68,9282
2016-02-04,8992,53,9045
2016-02-05,9145,95,9240
2016-02-06,6781,202,6983
2016-02-07,5337,209,5546
2016-02-08,7387,73,7460
2016-02-09,7429,63,7492
2016-02-10,8634,38,8672
2016-02-11,7491,24,7515
2016-02-12,5129,30,5159
2016-02-13,5180,133,5313
2016-02-14,4131,88,4219
2016-02-15,6740,49,6789
2016-02-16,7308,46,7354
2016-02-17,7468,39,7507
2016-02-18,6715,24,6739
2016-02-19,8267,120,8387
2016-02-20,7317,325,7642
2016-02-21,6678,298,6976
2016-02-22,7883,98,7981
2016-02-23,8821,108,8929
2016-02-24,6959,34,6993
2016-02-25,8496,89,8585
2016-02-26,4576,22,4598
2016-02-27,5636,147,5783
2016-02-28,5276,122,5398
2016-02-29,7716,132,7848
2016-03-01,8496,103,8599
2016-03-02,9229,86,9315
2016-03-03,9352,80,9432
2016-03-04,8423,130,8553
2016-03-05,6171,148,6319
2016-03-06,5793,272,6065
2016-03-07,6226,80,6306
2016-03-08,8027,69,8096
2016-03-09,8058,65,8123
2016-03-10,8448,66,8514
2016-03-11,8943,121,9064
2016-03-12,7466,370,7836
2016-03-13,6989,387,7376
2016-03-14,7819,98,7917
2016-03-15,8757,63,8820
2016-03-16,9367,81,9448
2016-03-17,9640,124,9764
2016-03-18,7918,135,8053
2016-03-19,4456,104,4560
2016-03-20,4704,226,4930
2016-03-21,4085,108,4193
2016-03-22,6274,106,6380
2016-03-23,6111,143,6254
2016-03-24,4115,330,4445
2016-03-25,3565,377,3942
2016-03-26,4063,437,4500
2016-03-27,4484,394,4878
2016-03-28,6427,150,6577
2016-03-29,8496,139,8635
2016-03-30,9752,184,9936
2016-03-31,8675,95,8770
2016-04-01,9409,93,9502
2016-04-02,8228,354,8582
2016-04-03,5661,190,5851
2016-04-04,2164,8,2172
2016-04-05,8928,123,9051
2016-04-06,9910,88,9998
2016-04-07,10551,132,10683
2016-04-08,9941,177,10118
2016-04-09,8593,434,9027
2016-04-10,5373,152,5525
2016-04-11,4838,60,4898
2016-04-12,4193,40,4233
2016-04-13,8921,90,9011
2016-04-14,9814,102,9916
2016-04-15,9310,188,9498
2016-04-16,4033,61,4094
2016-04-17,7784,487,8271
2016-04-18,9486,247,9733
2016-04-19,5465,43,5508
2016-04-20,5336,30,5366
2016-04-21,9379,144,9523
2016-04-22,9275,169,9444
2016-04-23,7196,292,7488
2016-04-24,8467,553,9020
2016-04-25,9371,157,9528
2016-04-26,10348,104,10452
2016-04-27,10338,128,10466
2016-04-28,9873,142,10015
2016-04-29,9532,221,9753
2016-04-30,6957,511,7468
2016-05-01,5878,536,6414
2016-05-02,6703,525,7228
2016-05-03,10253,200,10453
2016-05-04,11535,185,11720
2016-05-05,9852,190,10042
2016-05-06,7185,107,7292
2016-05-07,6695,305,7000
2016-05-08,3054,48,3102
2016-05-09,5317,34,5351
2016-05-10,5697,40,5737
2016-05-11,7080,44,7124
2016-05-12,8743,57,8800
2016-05-13,8197,80,8277
2016-05-14,7334,382,7716
2016-05-15,7474,523,7997
2016-05-16,8096,547,8643
2016-05-17,10527,267,10794
2016-05-18,11489,174,11663
2016-05-19,11790,136,11926
2016-05-20,12225,266,12491
2016-05-21,10361,565,10926
2016-05-22,8902,538,9440
2016-05-23,10154,244,10398
2016-05-24,10947,143,11090
2016-05-25,10956,169,11125
2016-05-26,11927,226,12153
2016-05-27,12026,285,12311
2016-05-28,7365,288,7653
2016-05-29,7612,407,8019
2016-05-30,10238,228,10466
2016-05-31,11024,166,11190
2016-06-01,11860,168,12028
2016-06-02,12091,179,12270
2016-06-03,11862,235,12097
2016-06-04,9605,454,10059
2016-06-05,9158,570,9728
2016-06-06,11216,248,11464
2016-06-07,12214,204,12418
2016-06-08,12863,201,13064
2016-06-09,12630,228,12858
2016-06-10,12882,299,13181
2016-06-11,9684,439,10123
2016-06-12,8959,401,9360
2016-06-13,11566,149,11715
2016-06-14,12381,136,12517
2016-06-15,11285,113,11398
2016-06-16,10832,81,10913
2016-06-17,11401,130,11531
2016-06-18,8934,350,9284
2016-06-19,8285,305,8590
2016-06-20,11266,112,11378
2016-06-21,12178,134,12312
2016-06-22,12653,152,12805
2016-06-23,12639,170,12809
2016-06-24,12167,235,12402
2016-06-25,8780,408,9188
2016-06-26,8510,337,8847
2016-06-27,11352,199,11551
2016-06-28,12087,138,12225
2016-06-29,12558,155,12713
2016-06-30,12961,147,13108
2016-07-01,11751,155,11906
2016-07-02,8519,298,8817
2016-07-03,7946,360,8306
2016-07-04,10524,255,10779
2016-07-05,12205,152,12357
2016-07-06,11981,160,12141
2016-07-07,11717,167,11884
2016-07-08,11306,183,11489
2016-07-09,8220,328,8548
2016-07-10,7306,340,7646
2016-07-11,11081,137,11218
2016-07-12,12213,153,12366
2016-07-13,12648,180,12828
2016-07-14,12046,196,12242
2016-07-15,11028,188,11216
2016-07-16,7663,357,8020
2016-07-17,7107,267,7374
2016-07-18,10286,175,10461
2016-07-19,11385,168,11553
2016-07-20,11436,199,11635
2016-07-21,11715,143,11858
2016-07-22,10152,212,10364
2016-07-23,6206,302,6508
2016-07-24,5615,302,5917
2016-07-25,6071,216,6287
2016-07-26,10209,143,10352
2016-07-27,10951,145,11096
2016-07-28,11138,151,11289
2016-07-29,10110,175,10285
2016-07-30,7009,195,7204
2016-07-31,6726,296,7022
2016-08-01,8628,187,8815
2016-08-02,8900,185,9085
2016-08-03,9396,204,9600
2016-08-04,9293,176,9469
2016-08-05,8371,191,8562
2016-08-06,5758,258,6016
2016-08-07,5413,263,5676
2016-08-08,7363,205,7568
2016-08-09,7729,168,7897
2016-08-10,7980,176,8156
2016-08-11,7932,242,8174
2016-08-12,6982,274,7256
2016-08-13,5006,313,5319
2016-08-14,4671,447,5118
2016-08-15,4916,352,5268
2016-08-16,7307,249,7556
2016-08-17,7701,222,7923
2016-08-18,7991,248,8239
2016-08-19,7511,232,7743
2016-08-20,5738,317,6055
2016-08-21,5577,347,5924
2016-08-22,8095,176,8271
2016-08-23,8495,208,8703
2016-08-24,9040,189,9229
2016-08-25,9013,266,9279
2016-08-26,8348,201,8549
2016-08-27,6998,335,7333
2016-08-28,6451,325,6776
2016-08-29,9176,143,9319
2016-08-30,10113,102,10215
2016-08-31,10646,143,10789
2016-09-01,10919,103,11022
2016-09-02,10929,133,11062
2016-09-03,8301,301,8602
2016-09-04,7925,328,8253
2016-09-05,10470,123,10593
2016-09-06,10927,115,11042
2016-09-07,11193,80,11273
2016-09-08,11283,125,11408
2016-09-09,10819,143,10962
2016-09-10,7990,322,8312
2016-09-11,7576,255,7831
2016-09-12,9565,138,9703
2016-09-13,8067,70,8137
2016-09-14,9261,121,9382
2016-09-15,9846,115,9961
2016-09-16,9495,151,9646
2016-09-17,7241,225,7466
2016-09-18,6623,300,6923
2016-09-19,7953,103,8056
2016-09-20,8762,79,8841
2016-09-21,8862,67,8929
2016-09-22,9039,94,9133
2016-09-23,8378,97,8475
2016-09-24,6482,256,6738
2016-09-25,5751,251,6002
2016-09-26,6247,96,6343
2016-09-27,7728,64,7792
2016-09-28,8299,67,8366
2016-09-29,8452,80,8532
2016-09-30,8666,129,8795
2016-10-01,7097,278,7375
2016-10-02,6789,364,7153
2016-10-03,7955,92,8047
2016-10-04,8608,76,8684
2016-10-05,8796,51,8847
2016-10-06,9093,87,9180
2016-10-07,8688,154,8842
2016-10-08,6889,348,7237
2016-10-09,6079,336,6415
2016-10-10,7277,110,7387
2016-10-11,8050,82,8132
2016-10-12,2759,22,2781
2016-10-13,4491,35,4526
2016-10-14,6151,49,6200
2016-10-15,5162,144,5306
2016-10-16,4381,180,4561
2016-10-17,5113,70,5183
2016-10-18,6263,44,6307
2016-10-19,4292,17,4309
2016-10-20,3888,14,3902
2016-10-21,5610,68,5678
2016-10-22,2604,43,2647
2016-10-23,1917,36,1953
2016-10-24,3811,32,3843
2016-10-25,5060,36,5096
2016-10-26,5920,60,5980
2016-10-27,5986,73,6059
2016-10-28,5541,62,5603
2016-10-29,4389,186,4575
2016-10-30,3617,255,3872
2016-10-31,4701,117,4818
2016-11-01,4235,168,4403
2016-11-02,5645,46,5691
2016-11-03,6153,58,6211
2016-11-04,2947,18,2965
2016-11-05,2166,19,2185
2016-11-06,3682,122,3804
2016-11-07,4564,56,4620
2016-11-08,5525,45,5570
2016-11-09,4031,61,4092
2016-11-10,5555,50,5605
2016-11-11,5773,67,5840
2016-11-12,4465,121,4586
2016-11-13,4276,144,4420
2016-11-14,5138,35,5173
2016-11-15,5148,57,5205
2016-11-16,5450,40,5490
2016-11-17,5774,39,5813
2016-11-18,5858,67,5925
2016-11-19,4556,183,4739
2016-11-20,1502,22,1524
2016-11-21,4146,25,4171
2016-11-22,4850,12,4862
2016-11-23,4312,12,4324
2016-11-24,5213,26,5239
2016-11-25,2759,8,2767
2016-11-26,1782,9,1791
2016-11-27,1802,18,1820
2016-11-28,5310,62,5372
2016-11-29,5299,27,5326
2016-11-30,5987,39,6026
2016-12-01,6249,23,6272
2016-12-02,6511,45,6556
2016-12-03,4623,173,4796
2016-12-04,1937,26,1963
2016-12-05,5256,67,5323
2016-12-06,4903,191,5094
2016-12-07,5971,61,6032
2016-12-08,4449,117,4566
2016-12-09,5341,82,5423
2016-12-10,4806,206,5012
2016-12-11,4386,134,4520
2016-12-12,5650,30,5680
2016-12-13,5799,25,5824
2016-12-14,5191,15,5206
2016-12-15,4259,15,4274
2016-12-16,4169,14,4183
2016-12-17,5660,117,5777
2016-12-18,4624,111,4735
2016-12-19,5723,54,5777
2016-12-20,6158,50,6208
2016-12-21,6711,67,6778
2016-12-22,6676,46,6722
2016-12-23,5949,102,6051
2016-12-24,3265,87,3352
2016-12-25,1911,116,2027
2016-12-26,2996,131,3127
2016-12-27,4799,160,4959
2016-12-28,5185,247,5432
2016-12-29,5561,211,5772
2016-12-30,4972,208,5180
2016-12-31,2696,103,2799
2017-01-01,1767,133,1900
2017-01-02,3297,116,3413
2017-01-03,4507,156,4663
2017-01-04,5214,162,5376
2017-01-05,5077,118,5195
2017-01-06,2934,161,3095
2017-01-07,4030,111,4141
2017-01-08,3760,97,3857
2017-01-09,5686,76,5762
2017-01-10,6221,55,6276
2017-01-11,6974,54,7028
2017-01-12,6788,77,6865
2017-01-13,6743,105,6848
2017-01-14,5080,149,5229
2017-01-15,4234,139,4373
2017-01-16,6036,54,6090
2017-01-17,5961,34,5995
2017-01-18,5328,47,5375
2017-01-19,5084,55,5139
2017-01-20,5243,55,5298
2017-01-21,4548,119,4667
2017-01-22,4003,96,4099
2017-01-23,5768,35,5803
2017-01-24,6515,25,6540
2017-01-25,6435,37,6472
2017-01-26,6187,17,6204
2017-01-27,4038,10,4048
2017-01-28,4479,141,4620
2017-01-29,2874,52,2926
2017-01-30,5438,67,5505
2017-01-31,6756,45,6801
2017-02-01,6245,53,6298
2017-02-02,5170,39,5209
2017-02-03,5573,49,5622
2017-02-04,4093,74,4167
2017-02-05,3967,97,4064
2017-02-06,6602,49,6651
2017-02-07,6097,20,6117
2017-02-08,7163,19,7182
2017-02-09,7020,42,7062
2017-02-10,4641,18,4659
2017-02-11,2477,27,2504
2017-02-12,1929,14,1943
2017-02-13,5536,36,5572
2017-02-14,6990,82,7072
2017-02-15,7583,93,7676
2017-02-16,7515,107,7622
2017-02-17,7240,141,7381
2017-02-18,5624,222,5846
2017-02-19,5006,326,5332
2017-02-20,7069,105,7174
2017-02-21,7568,120,7688
2017-02-22,8019,97,8116
2017-02-23,7093,99,7192
2017-02-24,8240,144,8384
2017-02-25,6264,397,6661
2017-02-26,5421,328,5749
2017-02-27,7052,174,7226
2017-02-28,7552,100,7652
2017-03-01,8361,81,8442
2017-03-02,8320,114,8434
2017-03-03,5411,47,5458
2017-03-04,5072,159,5231
2017-03-05,4633,164,4797
2017-03-06,7913,48,7961
2017-03-07,8776,79,8855
2017-03-08,9521,101,9622
2017-03-09,9760,107,9867
2017-03-10,9826,206,10032
2017-03-11,7473,437,7910
2017-03-12,6152,376,6528
2017-03-13,7128,95,7223
2017-03-14,8414,83,8497
2017-03-15,9387,124,9511
2017-03-16,9654,128,9782
2017-03-17,8362,147,8509
2017-03-18,5929,444,6373
2017-03-19,5390,491,5881
2017-03-20,5861,419,6280
2017-03-21,8200,116,8316
2017-03-22,6181,30,6211
2017-03-23,5235,29,5264
2017-03-24,5633,57,5690
2017-03-25,4698,148,4846
2017-03-26,4646,166,4812
2017-03-27,6577,104,6681
2017-03-28,8513,92,8605
2017-03-29,9173,112,9285
2017-03-30,9459,136,9595
2017-03-31,9382,141,9523
2017-04-01,6999,379,7378
2017-04-02,6737,336,7073
2017-04-03,8290,160,8450
2017-04-04,9173,128,9301
2017-04-05,8953,112,9065
2017-04-06,9001,110,9111
2017-04-07,8972,154,9126
2017-04-08,6919,364,7283
2017-04-09,6272,452,6724
2017-04-10,7576,277,7853
2017-04-11,7694,289,7983
2017-04-12,6985,298,7283
2017-04-13,4233,368,4601
2017-04-14,4056,427,4483
2017-04-15,4300,602,4902
2017-04-16,4757,564,5321
2017-04-17,8567,382,8949
2017-04-18,9908,213,10121
2017-04-19,9269,161,9430
2017-04-20,8928,155,9083
2017-04-21,9973,206,10179
2017-04-22,7539,415,7954
2017-04-23,8660,583,9243
2017-04-24,9476,274,9750
2017-04-25,9410,123,9533
2017-04-26,9664,91,9755
2017-04-27,8761,61,8822
2017-04-28,8217,124,8341
2017-04-29,3229,115,3344
2017-04-30,3278,144,3422
2017-05-01,4831,393,5224
2017-05-02,6477,293,6770
2017-05-03,9878,132,10010
2017-05-04,10442,91,10533
2017-05-05,9076,103,9179
2017-05-06,7831,389,8220
2017-05-07,8158,423,8581
2017-05-08,10266,185,10451
2017-05-09,10925,206,11131
2017-05-10,10571,124,10695
2017-05-11,7074,54,7128
2017-05-12,7119,61,7180
2017-05-13,7036,323,7359
2017-05-14,7447,509,7956
2017-05-15,7761,448,8209
2017-05-16,10710,181,10891
2017-05-17,11183,141,11324
2017-05-18,10534,159,10693
2017-05-19,11251,210,11461
2017-05-20,9100,434,9534
2017-05-21,7967,402,8369
2017-05-22,11221,210,11431
2017-05-23,11643,228,11871
2017-05-24,12265,210,12475
2017-05-25,12466,281,12747
2017-05-26,12293,300,12593
2017-05-27,10032,586,10618
2017-05-28,8820,678,9498
2017-05-29,11405,235,11640
2017-05-30,12445,178,12623
2017-05-31,12795,185,12980
2017-06-01,13450,132,13582
2017-06-02,12453,198,12651
2017-06-03,9006,377,9383
2017-06-04,9061,270,9331
2017-06-05,11299,182,11481
2017-06-06,12320,176,12496
2017-06-07,12873,190,13063
2017-06-08,13128,211,13339
2017-06-09,12915,232,13147
2017-06-10,9813,402,10215
2017-06-11,9001,407,9408
2017-06-12,11676,226,11902
2017-06-13,12425,160,12585
2017-06-14,13021,115,13136
2017-06-15,12870,126,12996
2017-06-16,12229,159,12388
2017-06-17,8785,285,9070
2017-06-18,7718,205,7923
2017-06-19,12197,140,12337
2017-06-20,12409,129,12538
2017-06-21,13700,180,13880
2017-06-22,13718,192,13910
2017-06-23,12616,178,12794
2017-06-24,8943,351,9294
2017-06-25,7153,317,7470
2017-06-26,11538,162,11700
2017-06-27,12991,183,13174
2017-06-28,13018,186,13204
2017-06-29,12721,145,12866
2017-06-30,11515,185,11700
2017-07-01,8144,266,8410
2017-07-02,7340,305,7645
2017-07-03,11905,256,12161
2017-07-04,12701,214,12915
2017-07-05,13090,265,13355
2017-07-06,6135,69,6204
2017-07-07,7721,101,7822
2017-07-08,7588,315,7903
2017-07-09,7862,468,8330
2017-07-10,11684,289,11973
2017-07-11,12355,169,12524
2017-07-12,12603,162,12765
2017-07-13,12358,188,12546
2017-07-14,11208,186,11394
2017-07-15,7354,226,7580
2017-07-16,7256,307,7563
2017-07-17,11127,193,11320
2017-07-18,11844,167,12011
2017-07-19,12203,179,12382
2017-07-20,12439,177,12616
2017-07-21,11433,193,11626
2017-07-22,7682,378,8060
2017-07-23,6796,285,7081
2017-07-24,10956,136,11092
2017-07-25,11613,204,11817
2017-07-26,12065,137,12202
2017-07-27,12414,204,12618
2017-07-28,11344,219,11563
2017-07-29,7169,281,7450
2017-07-30,6490,293,6783
2017-07-31,9759,258,10017
2017-08-01,9935,177,10112
2017-08-02,10519,190,10709
2017-08-03,10228,199,10427
2017-08-04,9207,210,9417
2017-08-05,6235,223,6458
2017-08-06,5801,297,6098
2017-08-07,8553,193,8746
2017-08-08,8844,262,9106
2017-08-09,8764,216,8980
2017-08-10,8440,197,8637
2017-08-11,7573,272,7845
2017-08-12,5341,333,5674
2017-08-13,4973,462,5435
2017-08-14,6536,316,6852
2017-08-15,5781,316,6097
2017-08-16,8001,292,8293
2017-08-17,8472,277,8749
2017-08-18,7692,222,7914
2017-08-19,5766,328,6094
2017-08-20,5657,337,5994
2017-08-21,8469,241,8710
2017-08-22,9130,187,9317
2017-08-23,9430,212,9642
2017-08-24,9699,219,9918
2017-08-25,9107,237,9344
2017-08-26,6860,373,7233
2017-08-27,6348,349,6697
2017-08-28,5877,88,5965
2017-08-29,10215,235,10450
2017-08-30,11224,161,11385
2017-08-31,12064,154,12218
2017-09-01,12042,179,12221
2017-09-02,8727,446,9173
2017-09-03,8863,449,9312
2017-09-04,12386,261,12647
2017-09-05,13437,212,13649
2017-09-06,14052,232,14284
2017-09-07,14092,257,14349
2017-09-08,13481,325,13806
2017-09-09,9634,341,9975
2017-09-10,8958,427,9385
2017-09-11,12666,213,12879
2017-09-12,13674,166,13840
2017-09-13,14269,224,14493
2017-09-14,14288,196,14484
2017-09-15,13109,200,13309
2017-09-16,9434,386,9820
2017-09-17,9218,419,9637
2017-09-18,12353,156,12509
2017-09-19,13438,153,13591
2017-09-20,14130,198,14328
2017-09-21,14023,170,14193
2017-09-22,13325,305,13630
2017-09-23,10329,495,10824
2017-09-24,9904,499,10403
2017-09-25,12789,181,12970
2017-09-26,13612,209,13821
2017-09-27,13872,186,14058
2017-09-28,14228,212,14440
2017-09-29,14456,258,14714
2017-09-30,11151,474,11625
2017-10-01,10292,590,10882
2017-10-02,13105,204,13309
2017-10-03,14255,241,14496
2017-10-04,14475,156,14631
2017-10-05,15045,263,15308
2017-10-06,14564,239,14803
2017-10-07,11344,416,11760
2017-10-08,10601,497,11098
2017-10-09,13187,251,13438
2017-10-10,13659,140,13799
2017-10-11,14068,158,14226
2017-10-12,10099,396,10495
2017-10-13,11313,365,11678
2017-10-14,9223,587,9810
2017-10-15,9250,481,9731
2017-10-16,12838,208,13046
2017-10-17,11316,142,11458
2017-10-18,6339,38,6377
2017-10-19,12291,139,12430
2017-10-20,13327,149,13476
2017-10-21,10759,363,11122
2017-10-22,10423,459,10882
2017-10-23,12132,221,12353
2017-10-24,13290,149,13439
2017-10-25,13836,136,13972
2017-10-26,14274,186,14460
2017-10-27,14110,269,14379
2017-10-28,10861,563,11424
2017-10-29,8972,517,9489
2017-10-30,12392,269,12661
2017-10-31,13423,233,13656
2017-11-01,10173,394,10567
2017-11-02,12647,205,12852
2017-11-03,12893,307,13200
2017-11-04,8413,362,8775
2017-11-05,8461,395,8856
2017-11-06,10804,94,10898
2017-11-07,11833,96,11929
2017-11-08,11621,59,11680
2017-11-09,7292,138,7430
2017-11-10,10143,135,10278
2017-11-11,8418,345,8763
2017-11-12,7851,412,8263
2017-11-13,10354,120,10474
2017-11-14,11097,65,11162
2017-11-15,11291,63,11354
2017-11-16,11854,81,11935
2017-11-17,11847,176,12023
2017-11-18,9591,325,9916
2017-11-19,8223,411,8634
2017-11-20,10885,149,11034
2017-11-21,11648,86,11734
2017-11-22,11784,89,11873
2017-11-23,12160,75,12235
2017-11-24,12325,120,12445
2017-11-25,9162,313,9475
2017-11-26,7474,265,7739
2017-11-27,9687,51,9738
2017-11-28,6813,23,6836
2017-11-29,10586,36,10622
2017-11-30,10237,77,10314
2017-12-01,9630,37,9667
2017-12-02,6680,135,6815
2017-12-03,6061,170,6231
2017-12-04,8734,50,8784
2017-12-05,9279,57,9336
2017-12-06,5988,154,6142
2017-12-07,7060,182,7242
2017-12-08,5116,205,5321
2017-12-09,5857,287,6144
2017-12-10,4537,185,4722
2017-12-11,7576,23,7599
2017-12-12,9280,35,9315
2017-12-13,9420,19,9439
2017-12-14,9825,62,9887
2017-12-15,10289,82,10371
2017-12-16,8165,131,8296
2017-12-17,6942,151,7093
2017-12-18,9140,50,9190
2017-12-19,10232,55,10287
2017-12-20,10391,33,10424
2017-12-21,10372,94,10466
2017-12-22,9901,164,10065
2017-12-23,6604,188,6792
2017-12-24,4198,181,4379
2017-12-25,2347,58,2405
2017-12-26,5003,69,5072
2017-12-27,6049,161,6210
2017-12-28,6951,195,7146
2017-12-29,7423,249,7672
2017-12-30,5891,323,6214
2017-12-31,3889,245,4134
2018-01-01,3454,315,3769
2018-01-02,6414,235,6649
2018-01-03,7690,200,7890
2018-01-04,8282,183,8465
2018-01-05,5872,75,5947
2018-01-06,1379,14,1393
2018-01-07,2414,7,2421
2018-01-08,7802,41,7843
2018-01-09,5915,9,5924
2018-01-10,7045,11,7056
2018-01-11,8765,39,8804
2018-01-12,9262,41,9303
2018-01-13,4311,31,4342
2018-01-14,5375,82,5457
2018-01-15,8130,49,8179
2018-01-16,9315,61,9376
2018-01-17,9698,42,9740
2018-01-18,10004,101,10105
2018-01-19,10226,117,10343
2018-01-20,7471,245,7716
2018-01-21,7460,242,7702
2018-01-22,9511,63,9574
2018-01-23,10212,88,10300
2018-01-24,10689,46,10735
2018-01-25,6790,17,6807
2018-01-26,9192,67,9259
2018-01-27,6681,175,6856
2018-01-28,6069,195,6264
2018-01-29,9164,76,9240
2018-01-30,9785,65,9850
2018-01-31,10190,89,10279
2018-02-01,9070,62,9132
2018-02-02,8789,47,8836
2018-02-03,6586,177,6763
2018-02-04,2152,23,2175
2018-02-05,2895,7,2902
2018-02-06,7745,40,7785
2018-02-07,8023,30,8053
2018-02-08,8278,49,8327
2018-02-09,8485,70,8555
2018-02-10,6220,216,6436
2018-02-11,6115,217,6332
2018-02-12,8168,83,8251
2018-02-13,8476,62,8538
2018-02-14,9320,70,9390
2018-02-15,9205,123,9328
2018-02-16,9515,162,9677
2018-02-17,7232,284,7516
2018-02-18,6686,339,7025
2018-02-19,9048,66,9114
2018-02-20,9924,79,10003
2018-02-21,9326,92,9418
2018-02-22,9370,50,9420
2018-02-23,9452,115,9567
2018-02-24,6940,273,7213
2018-02-25,6608,294,6902
2018-02-26,9235,87,9322
2018-02-27,4627,13,4640
2018-02-28,3615,13,3628
2018-03-01,3254,5,3259
2018-03-02,3615,8,3623
2018-03-03,4580,106,4686
2018-03-04,5280,134,5414
2018-03-05,6159,42,6201
2018-03-06,7641,47,7688
2018-03-07,9573,70,9643
2018-03-08,9520,63,9583
2018-03-09,4818,12,4830
2018-03-10,3858,76,3934
2018-03-11,4509,60,4569
2018-03-12,8478,92,8570
2018-03-13,9267,75,9342
2018-03-14,3219,27,3246
2018-03-15,8998,77,9075
2018-03-16,7844,139,7983
2018-03-17,5016,162,5178
2018-03-18,6187,235,6422
2018-03-19,5829,35,5864
2018-03-20,8030,48,8078
2018-03-21,8763,50,8813
2018-03-22,9451,79,9530
2018-03-23,7071,54,7125
2018-03-24,4894,131,5025
2018-03-25,5075,204,5279
2018-03-26,7357,181,7538
2018-03-27,7985,202,8187
2018-03-28,7263,214,7477
2018-03-29,4036,220,4256
2018-03-30,2976,268,3244
2018-03-31,3664,285,3949
2018-04-01,4772,510,5282
2018-04-02,8853,301,9154
2018-04-03,9293,98,9391
2018-04-04,9794,96,9890
2018-04-05,10976,138,11114
2018-04-06,8253,156,8409
2018-04-07,5237,81,5318
2018-04-08,7248,294,7542
2018-04-09,6908,28,6936
2018-04-10,3063,6,3069
2018-04-11,8612,67,8679
2018-04-12,7075,53,7128
2018-04-13,8595,80,8675
2018-04-14,7668,330,7998
2018-04-15,7296,300,7596
2018-04-16,9844,116,9960
2018-04-17,11402,168,11570
2018-04-18,12504,191,12695
2018-04-19,12561,139,12700
2018-04-20,12150,177,12327
2018-04-21,8705,419,9124
2018-04-22,9094,336,9430
2018-04-23,11377,221,11598
2018-04-24,12846,183,13029
2018-04-25,13592,160,13752
2018-04-26,13392,171,13563
2018-04-27,12330,291,12621
2018-04-28,6987,453,7440
2018-04-29,3707,150,3857
2018-04-30,5555,199,5754
2018-05-01,5669,418,6087
2018-05-02,6903,236,7139
2018-05-03,10814,211,11025
2018-05-04,11629,223,11852
2018-05-05,9114,463,9577
2018-05-06,8495,478,8973
2018-05-07,10334,234,10568
2018-05-08,11623,268,11891
2018-05-09,13001,234,13235
2018-05-10,13412,335,13747
2018-05-11,12759,350,13109
2018-05-12,8385,438,8823
2018-05-13,7476,469,7945
2018-05-14,10559,204,10763
2018-05-15,9242,298,9540
2018-05-16,12792,194,12986
2018-05-17,13369,196,13565
2018-05-18,11814,190,12004
2018-05-19,9498,491,9989
2018-05-20,8873,508,9381
2018-05-21,11606,292,11898
2018-05-22,12127,163,12290
2018-05-23,12693,136,12829
2018-05-24,13149,184,13333
2018-05-25,7978,94,8072
2018-05-26,9442,417,9859
2018-05-27,9893,390,10283
2018-05-28,6334,96,6430
2018-05-29,9451,96,9547
2018-05-30,11388,123,11511
2018-05-31,13144,174,13318
2018-06-01,13170,213,13383
2018-06-02,7235,401,7636
2018-06-03,9155,392,9547
2018-06-04,12074,201,12275
2018-06-05,12523,110,12633
2018-06-06,11129,71,11200
2018-06-07,13616,202,13818
2018-06-08,7925,86,8011
2018-06-09,8789,394,9183
2018-06-10,7918,330,8248
2018-06-11,11570,175,11745
2018-06-12,12879,162,13041
2018-06-13,13547,188,13735
2018-06-14,13361,172,13533
2018-06-15,13163,204,13367
2018-06-16,9464,331,9795
2018-06-17,8600,367,8967
2018-06-18,12578,192,12770
2018-06-19,13815,145,13960
2018-06-20,14346,164,14510
2018-06-21,14469,173,14642
2018-06-22,13591,227,13818
2018-06-23,9211,429,9640
2018-06-24,8522,323,8845
2018-06-25,13283,216,13499
2018-06-26,13807,173,13980
2018-06-27,14537,204,14741
2018-06-28,14561,206,14767
2018-06-29,13491,257,13748
2018-06-30,9171,298,9469
2018-07-01,8537,297,8834
2018-07-02,12802,150,12952
2018-07-03,13935,141,14076
2018-07-04,13865,162,14027
2018-07-05,13755,154,13909
2018-07-06,12452,189,12641
2018-07-07,8316,303,8619
2018-07-08,7676,348,8024
2018-07-09,12415,257,12672
2018-07-10,13472,188,13660
2018-07-11,13514,195,13709
2018-07-12,13578,193,13771
2018-07-13,12271,265,12536
2018-07-14,8015,364,8379
2018-07-15,7664,366,8030
2018-07-16,11787,176,11963
2018-07-17,12966,214,13180
2018-07-18,13516,224,13740
2018-07-19,13442,184,13626
2018-07-20,12069,192,12261
2018-07-21,7807,338,8145
2018-07-22,7009,440,7449
2018-07-23,11607,238,11845
2018-07-24,12377,197,12574
2018-07-25,12501,173,12674
2018-07-26,12465,190,12655
2018-07-27,11318,248,11566
2018-07-28,7855,371,8226
2018-07-29,7627,379,8006
2018-07-30,11655,217,11872
2018-07-31,12410,287,12697
2018-08-01,12219,272,12491
2018-08-02,11526,202,11728
2018-08-03,10073,131,10204
2018-08-04,6486,277,6763
2018-08-05,6272,322,6594
2018-08-06,9058,208,9266
2018-08-07,10023,133,10156
2018-08-08,10016,242,10258
2018-08-09,10077,245,10322
2018-08-10,8756,252,9008
2018-08-11,6099,380,6479
2018-08-12,5868,398,6266
2018-08-13,8281,281,8562
2018-08-14,8895,268,9163
2018-08-15,6763,308,7071
2018-08-16,8754,230,8984
2018-08-17,7983,194,8177
2018-08-18,5854,263,6117
2018-08-19,5885,430,6315
2018-08-20,9293,237,9530
2018-08-21,9915,213,10128
2018-08-22,10570,151,10721
2018-08-23,10814,178,10992
2018-08-24,10008,231,10239
2018-08-25,7163,351,7514
2018-08-26,6969,375,7344
2018-08-27,11099,253,11352
2018-08-28,12003,278,12281
2018-08-29,12579,255,12834
2018-08-30,12835,245,13080
2018-08-31,12490,164,12654
2018-09-01,9428,286,9714
2018-09-02,8969,357,9326
2018-09-03,13418,181,13599
2018-09-04,14743,183,14926
2018-09-05,14995,151,15146
2018-09-06,15332,147,15479
2018-09-07,13467,175,13642
2018-09-08,8424,194,8618
2018-09-09,9783,520,10303
2018-09-10,14448,218,14666
2018-09-11,15522,160,15682
2018-09-12,16127,149,16276
2018-09-13,16189,196,16385
2018-09-14,15739,257,15996
2018-09-15,11122,403,11525
2018-09-16,10693,449,11142
2018-09-17,14317,208,14525
2018-09-18,15150,120,15270
2018-09-19,16314,140,16454
2018-09-20,16530,203,16733
2018-09-21,15601,205,15806
2018-09-22,11423,399,11822
2018-09-23,11100,441,11541
2018-09-24,14572,201,14773
2018-09-25,15672,161,15833
2018-09-26,15131,145,15276
2018-09-27,16025,167,16192
2018-09-28,15532,192,15724
2018-09-29,11742,401,12143
2018-09-30,10948,415,11363
2018-10-01,14117,284,14401
2018-10-02,14889,135,15024
2018-10-03,15777,143,15920
2018-10-04,15601,148,15749
2018-10-05,15107,192,15299
2018-10-06,11792,368,12160
2018-10-07,9864,348,10212
2018-10-08,13327,119,13446
2018-10-09,11609,85,11694
2018-10-10,12457,47,12504
2018-10-11,11747,57,11804
2018-10-12,7850,191,8041
2018-10-13,8993,393,9386
2018-10-14,6887,199,7086
2018-10-15,10699,63,10762
2018-10-16,13630,80,13710
2018-10-17,14430,98,14528
2018-10-18,12791,102,12893
2018-10-19,7216,68,7284
2018-10-20,8357,248,8605
2018-10-21,8955,242,9197
2018-10-22,13226,127,13353
2018-10-23,14082,136,14218
2018-10-24,14240,102,14342
2018-10-25,14619,150,14769
2018-10-26,11387,126,11513
2018-10-27,6619,81,6700
2018-10-28,6796,161,6957
2018-10-29,10217,64,10281
2018-10-30,5125,8,5133
2018-10-31,10451,40,10491
2018-11-01,7812,225,8037
2018-11-02,9847,253,10100
2018-11-03,8019,252,8271
2018-11-04,7271,247,7518
2018-11-05,6402,33,6435
2018-11-06,10699,79,10778
2018-11-07,7897,27,7924
2018-11-08,8733,24,8757
2018-11-09,6992,109,7101
2018-11-10,6285,109,6394
2018-11-11,6781,189,6970
2018-11-12,9717,20,9737
2018-11-13,12300,82,12382
2018-11-14,12163,71,12234
2018-11-15,11935,48,11983
2018-11-16,11106,97,11203
2018-11-17,9448,311,9759
2018-11-18,5322,103,5425
2018-11-19,9876,68,9944
2018-11-20,9105,27,9132
2018-11-21,10042,29,10071
2018-11-22,11237,20,11257
2018-11-23,10834,79,10913
2018-11-24,7634,168,7802
2018-11-25,6042,131,6173
2018-11-26,9877,61,9938
2018-11-27,10955,41,10996
2018-11-28,10988,31,11019
2018-11-29,10565,40,10605
2018-11-30,10880,59,10939
2018-12-01,8488,184,8672
2018-12-02,6940,107,7047
2018-12-03,9441,41,9482
2018-12-04,11224,44,11268
2018-12-05,11523,46,11569
2018-12-06,7409,120,7529
2018-12-07,8305,139,8444
2018-12-08,6798,305,7103
2018-12-09,7009,251,7260
2018-12-10,10267,90,10357
2018-12-11,11084,86,11170
2018-12-12,11089,83,11172
2018-12-13,7909,19,7928
2018-12-14,10968,56,11024
2018-12-15,8427,102,8529
2018-12-16,6816,85,6901
2018-12-17,10159,62,10221
2018-12-18,10126,56,10182
2018-12-19,10440,82,10522
2018-12-20,11022,47,11069
2018-12-21,10063,69,10132
2018-12-22,6521,63,6584
2018-12-23,5046,132,5178
2018-12-24,4364,96,4460
2018-12-25,2873,152,3025
2018-12-26,6497,124,6621
2018-12-27,7282,151,7433
2018-12-28,7387,256,7643
2018-12-29,5584,250,5834
2018-12-30,5114,301,5415
2018-12-31,4718,283,5001
2019-01-01,3516,345,3861
2019-01-02,6395,166,6561
2019-01-03,7480,146,7626
2019-01-04,7787,157,7944
2019-01-05,6256,109,6365
2019-01-06,4747,114,4861
2019-01-07,5493,101,5594
2019-01-08,9411,54,9465
2019-01-09,10072,42,10114
2019-01-10,9764,41,9805
2019-01-11,9413,51,9464
2019-01-12,7008,134,7142
2019-01-13,6174,131,6305
2019-01-14,9368,44,9412
2019-01-15,10130,44,10174
2019-01-16,10211,40,10251
2019-01-17,9690,20,9710
2019-01-18,9313,51,9364
2019-01-19,4462,37,4499
2019-01-20,5421,95,5516
2019-01-21,9200,40,9240
2019-01-22,8463,33,8496
2019-01-23,9716,46,9762
2019-01-24,11077,53,11130
2019-01-25,11473,86,11559
2019-01-26,8395,204,8599
2019-01-27,7235,200,7435
2019-01-28,10032,64,10096
2019-01-29,10187,41,10228
2019-01-30,9085,25,9110
2019-01-31,9622,41,9663
2019-02-01,8478,63,8541
2019-02-02,6967,141,7108
2019-02-03,6718,205,6923
2019-02-04,9621,53,9674
2019-02-05,10834,70,10904
2019-02-06,10987,69,11056
2019-02-07,11180,122,11302
2019-02-08,11044,108,11152
2019-02-09,7766,219,7985
2019-02-10,6383,174,6557
2019-02-11,10205,124,10329
2019-02-12,11037,74,11111
2019-02-13,11401,63,11464
2019-02-14,11540,70,11610
2019-02-15,11201,172,11373
2019-02-16,8272,321,8593
2019-02-17,7433,260,7693
2019-02-18,10275,98,10373
2019-02-19,11389,94,11483
2019-02-20,11375,125,11500
2019-02-21,11759,113,11872
2019-02-22,11708,131,11839
2019-02-23,8183,305,8488
2019-02-24,7677,306,7983
2019-02-25,10859,133,10992
2019-02-26,12013,93,12106
2019-02-27,12144,92,12236
2019-02-28,12247,174,12421
2019-03-01,11960,160,12120
2019-03-02,8729,343,9072
2019-03-03,7441,382,7823
2019-03-04,10185,168,10353
2019-03-05,11558,140,11698
2019-03-06,8264,33,8297
2019-03-07,11273,41,11314
2019-03-08,12050,93,12143
2019-03-09,8538,272,8810
2019-03-10,8361,331,8692
2019-03-11,11603,139,11742
2019-03-12,12468,82,12550
2019-03-13,12115,68,12183
2019-03-14,12469,36,12505
2019-03-15,12642,127,12769
2019-03-16,9305,303,9608
2019-03-17,8264,317,8581
2019-03-18,10701,91,10792
2019-03-19,11491,64,11555
2019-03-20,12079,43,12122
2019-03-21,12284,102,12386
2019-03-22,12361,124,12485
2019-03-23,8807,348,9155
2019-03-24,8421,289,8710
2019-03-25,11643,101,11744
2019-03-26,12383,62,12445
2019-03-27,12579,48,12627
2019-03-28,12736,66,12802
2019-03-29,12202,136,12338
2019-03-30,8832,303,9135
2019-03-31,6038,109,6147
2019-04-01,10889,77,10966
2019-04-02,11884,78,11962
2019-04-03,12067,73,12140
2019-04-04,12149,64,12213
2019-04-05,7394,45,7439
2019-04-06,6157,81,6238
2019-04-07,5658,133,5791
2019-04-08,8671,67,8738
2019-04-09,9828,42,9870
2019-04-10,11477,60,11537
2019-04-11,11988,39,12027
2019-04-12,11997,90,12087
2019-04-13,8517,253,8770
2019-04-14,7717,334,8051
2019-04-15,9422,215,9637
2019-04-16,9803,205,10008
2019-04-17,8110,197,8307
2019-04-18,1881,20,1901
2019-04-19,2125,47,2172
2019-04-20,4300,266,4566
2019-04-21,4679,151,4830
2019-04-22,9985,127,10112
2019-04-23,8378,41,8419
2019-04-24,3130,4,3134
2019-04-25,10511,58,10569
2019-04-26,12236,140,12376
2019-04-27,10038,357,10395
2019-04-28,9501,478,9979
2019-04-29,12410,176,12586
2019-04-30,12961,160,13121
2019-05-01,7816,266,8082
2019-05-02,7566,366,7932
2019-05-03,8918,303,9221
2019-05-04,7592,484,8076
2019-05-05,7589,420,8009
2019-05-06,12144,191,12335
2019-05-07,13414,112,13526
2019-05-08,12463,100,12563
2019-05-09,13559,132,13691
2019-05-10,13633,207,13840
2019-05-11,10727,379,11106
2019-05-12,9785,376,10161
2019-05-13,13329,151,13480
2019-05-14,14817,97,14914
2019-05-15,11475,238,11713
2019-05-16,13822,135,13957
2019-05-17,12104,103,12207
2019-05-18,9054,265,9319
2019-05-19,8984,240,9224
2019-05-20,12648,133,12781
2019-05-21,13876,104,13980
2019-05-22,14444,128,14572
2019-05-23,14623,134,14757
2019-05-24,14628,189,14817
2019-05-25,10151,391,10542
2019-05-26,9984,319,10303
2019-05-27,13497,156,13653
2019-05-28,14175,100,14275
2019-05-29,14349,114,14463
2019-05-30,14866,142,15008
2019-05-31,14237,244,14481
2019-06-01,10287,304,10591
2019-06-02,9707,311,10018
2019-06-03,13647,125,13772
2019-06-04,14813,119,14932
2019-06-05,14230,102,14332
2019-06-06,14659,122,14781
2019-06-07,13697,126,13823
2019-06-08,9794,359,10153
2019-06-09,9286,271,9557
2019-06-10,13345,162,13507
2019-06-11,13696,104,13800
2019-06-12,14305,203,14508
2019-06-13,14681,157,14838
2019-06-14,14178,132,14310
2019-06-15,9586,260,9846
2019-06-16,8859,277,9136
2019-06-17,13437,124,13561
2019-06-18,14704,140,14844
2019-06-19,14795,133,14928
2019-06-20,15206,84,15290
2019-06-21,14380,122,14502
2019-06-22,9596,220,9816
2019-06-23,9154,270,9424
2019-06-24,13496,135,13631
2019-06-25,14698,162,14860
2019-06-26,14895,124,15019
2019-06-27,14801,99,14900
2019-06-28,13711,120,13831
2019-06-29,9293,183,9476
2019-06-30,8453,179,8632
2019-07-01,13339,102,13441
2019-07-02,14110,120,14230
2019-07-03,14288,99,14387
2019-07-04,14481,149,14630
2019-07-05,13325,113,13438
2019-07-06,8568,145,8713
2019-07-07,7882,159,8041
2019-07-08,12644,139,12783
2019-07-09,13842,156,13998
2019-07-10,14007,135,14142
2019-07-11,13793,105,13898
2019-07-12,12532,106,12638
2019-07-13,8058,192,8250
2019-07-14,7638,181,7819
2019-07-15,12117,68,12185
2019-07-16,13346,99,13445
2019-07-17,13831,135,13966
2019-07-18,13917,114,14031
2019-07-19,12398,111,12509
2019-07-20,7642,204,7846
2019-07-21,7049,144,7193
2019-07-22,12110,137,12247
2019-07-23,12242,71,12313
2019-07-24,13379,95,13474
2019-07-25,13265,114,13379
2019-07-26,12163,115,12278
2019-07-27,7782,204,7986
2019-07-28,7213,195,7408
2019-07-29,11815,79,11894
2019-07-30,12653,111,12764
2019-07-31,12465,75,12540
2019-08-01,12183,123,12306
2019-08-02,10746,113,10859
2019-08-03,6807,183,6990
2019-08-04,6350,261,6611
2019-08-05,9548,187,9735
2019-08-06,10501,158,10659
2019-08-07,10755,195,10950
2019-08-08,10448,90,10538
2019-08-09,9229,135,9364
2019-08-10,6066,137,6203
2019-08-11,5636,186,5822
2019-08-12,8413,79,8492
2019-08-13,8812,84,8896
2019-08-14,8543,72,8615
2019-08-15,5653,143,5796
2019-08-16,6499,130,6629
2019-08-17,5249,99,5348
2019-08-18,5223,108,5331
2019-08-19,8660,83,8743
2019-08-20,9296,84,9380
2019-08-21,9656,133,9789
2019-08-22,10009,151,10160
2019-08-23,9386,174,9560
2019-08-24,6694,209,6903
2019-08-25,6327,192,6519
2019-08-26,6417,73,6490
2019-08-27,10903,120,11023
2019-08-28,11862,91,11953
2019-08-29,12462,123,12585
2019-08-30,10261,84,10345
2019-08-31,8529,233,8762
2019-09-01,8646,173,8819
2019-09-02,13305,86,13391
2019-09-03,14696,72,14768
2019-09-04,15229,115,15344
2019-09-05,15238,159,15397
2019-09-06,14176,144,14320
2019-09-07,9778,186,9964
2019-09-08,9631,229,9860
2019-09-09,14218,62,14280
2019-09-10,14329,55,14384
2019-09-11,15716,68,15784
2019-09-12,15696,88,15784
2019-09-13,11415,62,11477
2019-09-14,6296,61,6357
2019-09-15,7602,111,7713
2019-09-16,14474,138,14612
2019-09-17,15318,105,15423
2019-09-18,16313,98,16411
2019-09-19,16599,139,16738
2019-09-20,14775,111,14886
2019-09-21,9034,139,9173
2019-09-22,10081,223,10304
2019-09-23,14454,104,14558
2019-09-24,15597,139,15736
2019-09-25,16045,109,16154
2019-09-26,16561,157,16718
2019-09-27,16736,158,16894
2019-09-28,11493,331,11824
2019-09-29,10889,325,11214
2019-09-30,15086,161,15247
2019-10-01,16414,159,16573
2019-10-02,16303,110,16413
2019-10-03,16988,107,17095
2019-10-04,16434,197,16631
2019-10-05,11905,263,12168
2019-10-06,11403,346,11749
2019-10-07,15080,163,15243
2019-10-08,16590,107,16697
2019-10-09,16803,95,16898
2019-10-10,17054,92,17146
2019-10-11,16651,174,16825
2019-10-12,10330,330,10660
2019-10-13,10399,288,10687
2019-10-14,10791,76,10867
2019-10-15,14335,122,14457
2019-10-16,14963,81,15044
2019-10-17,12624,67,12691
2019-10-18,13985,69,14054
2019-10-19,9535,162,9697
2019-10-20,7296,94,7390
2019-10-21,13179,94,13273
2019-10-22,9351,47,9398
2019-10-23,9504,26,9530
2019-10-24,14197,103,14300
2019-10-25,14558,184,14742
2019-10-26,10766,267,11033
2019-10-27,9611,195,9806
2019-10-28,13690,101,13791
2019-10-29,14629,83,14712
2019-10-30,14473,89,14562
2019-10-31,14167,131,14298
2019-11-01,8313,259,8572
2019-11-02,8203,299,8502
2019-11-03,7676,153,7829
2019-11-04,10816,60,10876
2019-11-05,11343,49,11392
2019-11-06,13590,53,13643
2019-11-07,12483,62,12545
2019-11-08,12799,85,12884
2019-11-09,7016,124,7140
2019-11-10,7631,161,7792
2019-11-11,11699,68,11767
2019-11-12,12291,41,12332
2019-11-13,12586,59,12645
2019-11-14,10621,71,10692
2019-11-15,12017,32,12049
2019-11-16,8483,121,8604
2019-11-17,5688,77,5765
2019-11-18,11264,39,11303
2019-11-19,11778,31,11809
2019-11-20,8186,10,8196
2019-11-21,9639,21,9660
2019-11-22,6469,10,6479
2019-11-23,8035,102,8137
2019-11-24,7469,135,7604
2019-11-25,11711,68,11779
2019-11-26,9535,38,9573
2019-11-27,12437,58,12495
2019-11-28,12336,47,12383
2019-11-29,11597,38,11635
2019-11-30,8064,88,8152
2019-12-01,3259,20,3279
2019-12-02,10630,73,10703
2019-12-03,11678,40,11718
2019-12-04,8406,19,8425
2019-12-05,11623,37,11660
2019-12-06,7037,108,7145
2019-12-07,6646,181,6827
2019-12-08,4527,53,4580
2019-12-09,5813,64,5877
2019-12-10,10547,29,10576
2019-12-11,10406,12,10418
2019-12-12,7730,6,7736
2019-12-13,10828,6,10834
2019-12-14,7969,3,7972
2019-12-15,6714,1,6715
2019-12-16,9849,0,9849
2019-12-17,8865,0,8865
2019-12-18,10070,1,10071
2019-12-19,5662,0,5662
2019-12-20,5624,0,5624
2019-12-21,5353,0,5353
2019-12-22,4891,0,4891
2019-12-23,6109,0,6109
2019-12-24,4068,0,4068
2019-12-25,2483,0,2483
2019-12-26,5904,0,5904
2019-12-27,6387,0,6387
2019-12-28,5058,0,5058
2019-12-29,4616,0,4616
2019-12-30,5772,0,5772
2019-12-31,5270,0,5270
2020-01-01,3215,0,3215
2020-01-02,5911,0,5911
2020-01-03,6180,0,6180
2020-01-04,5502,0,5502
2020-01-05,5389,1,5390
2020-01-06,4043,1,4044
2020-01-07,8833,0,8833
2020-01-08,10315,2,10317
2020-01-09,10623,1,10624
2020-01-10,10787,5,10792
2020-01-11,7407,32,7439
2020-01-12,6493,31,6524
2020-01-13,9581,16,9597
2020-01-14,10268,12,10280
2020-01-15,10410,32,10442
2020-01-16,11279,37,11316
2020-01-17,11216,63,11279
2020-01-18,5174,43,5217
2020-01-19,5794,48,5842
2020-01-20,7814,17,7831
2020-01-21,6611,11,6622
2020-01-22,8339,24,8363
2020-01-23,10505,47,10552
2020-01-24,7867,17,7884
2020-01-25,4533,20,4553
2020-01-26,6467,67,6534
2020-01-27,8493,10,8503
2020-01-28,10012,12,10024
2020-01-29,11184,21,11205
2020-01-30,11009,31,11040
2020-01-31,11585,72,11657
2020-02-01,8166,141,8307
2020-02-02,6866,73,6939
2020-02-03,11449,75,11524
2020-02-04,12311,57,12368
2020-02-05,12364,40,12404
2020-02-06,11899,70,11969
2020-02-07,12031,51,12082
2020-02-08,7528,76,7604
2020-02-09,6903,120,7023
2020-02-10,11402,53,11455
2020-02-11,11842,28,11870
2020-02-12,12087,36,12123
2020-02-13,12551,55,12606
2020-02-14,12499,110,12609
2020-02-15,8574,166,8740
2020-02-16,8192,162,8354
2020-02-17,11231,57,11288
2020-02-18,12175,43,12218
2020-02-19,12898,53,12951
2020-02-20,13036,54,13090
2020-02-21,12789,64,12853
2020-02-22,9038,218,9256
2020-02-23,8298,226,8524
2020-02-24,12177,85,12262
2020-02-25,12646,62,12708
2020-02-26,13133,70,13203
2020-02-27,13170,109,13279
2020-02-28,12510,117,12627
2020-02-29,7732,130,7862
2020-03-01,6325,134,6459
2020-03-02,9025,50,9075
2020-03-03,11502,34,11536
2020-03-04,13020,43,13063
2020-03-05,12380,43,12423
2020-03-06,11931,59,11990
2020-03-07,8490,143,8633
2020-03-08,8010,164,8174
2020-03-09,11807,53,11860
2020-03-10,12629,43,12672
2020-03-11,11479,60,11539
2020-03-12,9380,60,9440
2020-03-13,7129,54,7183
2020-03-14,2516,61,2577
2020-03-15,968,14,982
2020-03-16,0,0,0
2020-03-17,0,0,0
2020-03-18,0,0,0
2020-03-19,0,0,0
2020-03-20,0,0,0
2020-03-21,0,0,0
2020-03-22,0,0,0
2020-03-23,0,0,0
2020-03-24,0,0,0
2020-03-25,0,0,0
2020-03-26,0,0,0
2020-03-27,0,0,0
2020-03-28,0,0,0
2020-03-29,0,0,0
2020-03-30,0,0,0
2020-03-31,0,0,0
2020-04-01,0,0,0
2020-04-02,0,0,0
2020-04-03,0,0,0
2020-04-04,0,0,0
2020-04-05,0,0,0
2020-04-06,0,0,0
2020-04-07,0,0,0
2020-04-08,0,0,0
2020-04-09,0,0,0
2020-04-10,0,0,0
2020-04-11,0,0,0
2020-04-12,0,0,0
2020-04-13,0,0,0
2020-04-14,0,0,0
2020-04-15,0,0,0
2020-04-16,0,0,0
2020-04-17,0,0,0
2020-04-18,0,0,0
2020-04-19,0,0,0
2020-04-20,0,0,0
2020-04-21,0,0,0
2020-04-22,580,1,581
2020-04-23,831,2,833
2020-04-24,1037,5,1042
2020-04-25,537,0,537
2020-04-26,504,2,506
2020-04-27,1060,1,1061
2020-04-28,1140,1,1141
2020-04-29,1351,1,1352
2020-04-30,1406,3,1409
2020-05-01,702,4,706
2020-05-02,2229,37,2266
2020-05-03,3480,206,3686
2020-05-04,4092,132,4224
2020-05-05,4960,179,5139
2020-05-06,5259,185,5444
2020-05-07,5565,194,5759
2020-05-08,6591,239,6830
2020-05-09,6501,453,6954
2020-05-10,5969,376,6345
2020-05-11,5533,145,5678
2020-05-12,2619,25,2644
2020-05-13,6361,125,6486
2020-05-14,4386,92,4478
2020-05-15,4303,118,4421
2020-05-16,7341,254,7595
2020-05-17,8294,479,8773
2020-05-18,8763,227,8990
2020-05-19,9509,241,9750
2020-05-20,9766,256,10022
2020-05-21,10116,240,10356
2020-05-22,11501,310,11811
2020-05-23,11445,518,11963
2020-05-24,10018,547,10565
2020-05-25,10073,151,10224
2020-05-26,11468,142,11610
2020-05-27,12266,139,12405
2020-05-28,12549,150,12699
2020-05-29,13675,175,13850
2020-05-30,13443,303,13746
2020-05-31,8644,151,8795
2020-06-01,11819,101,11920
2020-06-02,13084,154,13238
2020-06-03,13258,150,13408
2020-06-04,11926,88,12014
2020-06-05,15007,159,15166
2020-06-06,14840,252,15092
2020-06-07,11096,196,11292
2020-06-08,12735,79,12814
2020-06-09,14016,99,14115
2020-06-10,14576,65,14641
2020-06-11,14458,70,14528
2020-06-12,14141,65,14206
2020-06-13,14041,202,14243
2020-06-14,13469,263,13732
2020-06-15,13834,57,13891
2020-06-16,15228,54,15282
2020-06-17,16092,56,16148
2020-06-18,16556,95,16651
2020-06-19,17264,74,17338
2020-06-20,16206,151,16357
2020-06-21,14123,192,14315
2020-06-22,15131,67,15198
2020-06-23,15938,61,15999
2020-06-24,16084,55,16139
2020-06-25,16548,43,16591
2020-06-26,15704,55,15759
2020-06-27,12549,94,12643
2020-06-28,11467,105,11572
2020-06-29,14562,56,14618
2020-06-30,15682,50,15732
2020-07-01,16665,56,16721
2020-07-02,16634,67,16701
2020-07-03,15404,75,15479
2020-07-04,11928,104,12032
2020-07-05,10430,140,10570
2020-07-06,13949,66,14015
2020-07-07,15371,48,15419
2020-07-08,15837,61,15898
2020-07-09,15646,58,15704
2020-07-10,14506,55,14561
2020-07-11,11011,93,11104
2020-07-12,9784,114,9898
2020-07-13,13914,61,13975
2020-07-14,15259,76,15335
2020-07-15,15318,86,15404
2020-07-16,14333,59,14392
2020-07-17,13944,57,14001
2020-07-18,10424,114,10538
2020-07-19,9384,179,9563
2020-07-20,13125,49,13174
2020-07-21,14374,52,14426
2020-07-22,14743,82,14825
2020-07-23,14807,88,14895
2020-07-24,13290,58,13348
2020-07-25,9783,102,9885
2020-07-26,8758,122,8880
2020-07-27,12117,79,12196
2020-07-28,13699,69,13768
2020-07-29,13823,63,13886
2020-07-30,13428,75,13503
2020-07-31,12425,87,12512
2020-08-01,9076,143,9219
2020-08-02,7729,129,7858
2020-08-03,10561,99,10660
2020-08-04,11240,98,11338
2020-08-05,11225,104,11329
2020-08-06,10918,55,10973
2020-08-07,9631,56,9687
2020-08-08,7390,90,7480
2020-08-09,6784,79,6863
2020-08-10,8481,57,8538
2020-08-11,4822,12,4834
2020-08-12,9473,64,9537
2020-08-13,9804,78,9882
2020-08-14,8849,66,8915
2020-08-15,6835,87,6922
2020-08-16,6772,135,6907
2020-08-17,8995,67,9062
2020-08-18,9566,95,9661
2020-08-19,10097,80,10177
2020-08-20,9791,91,9882
2020-08-21,9281,85,9366
2020-08-22,7611,127,7738
2020-08-23,7403,118,7521
2020-08-24,9816,87,9903
2020-08-25,11169,68,11237
2020-08-26,11745,68,11813
2020-08-27,11704,84,11788
2020-08-28,11410,83,11493
2020-08-29,9172,130,9302
2020-08-30,8587,115,8702
2020-08-31,11858,75,11933
2020-09-01,14644,53,14697
2020-09-02,15464,52,15516
2020-09-03,15884,58,15942
2020-09-04,15566,49,15615
2020-09-05,12690,76,12766
2020-09-06,11664,115,11779
2020-09-07,14784,37,14821
2020-09-08,15773,45,15818
2020-09-09,16727,52,16779
2020-09-10,16937,32,16969
2020-09-11,16370,71,16441
2020-09-12,13436,183,13619
2020-09-13,12380,90,12470
2020-09-14,15346,37,15383
2020-09-15,16137,38,16175
2020-09-16,16826,47,16873
2020-09-17,13814,25,13839
2020-09-18,11333,26,11359
2020-09-19,9270,38,9308
2020-09-20,10470,91,10561
2020-09-21,14051,35,14086
2020-09-22,15326,33,15359
2020-09-23,15759,44,15803
2020-09-24,12557,30,12587
2020-09-25,14405,28,14433
2020-09-26,11808,93,11901
2020-09-27,11098,91,11189
2020-09-28,14019,23,14042
2020-09-29,15593,39,15632
2020-09-30,16016,40,16056
2020-10-01,15895,33,15928
2020-10-02,11292,8,11300
2020-10-03,11462,77,11539
2020-10-04,9678,34,9712
2020-10-05,13295,15,13310
2020-10-06,14859,37,14896
2020-10-07,15873,44,15917
2020-10-08,16222,29,16251
2020-10-09,16304,31,16335
2020-10-10,13993,157,14150
2020-10-11,11935,113,12048
2020-10-12,11061,124,11185
2020-10-13,14525,20,14545
2020-10-14,15275,18,15293
2020-10-15,14770,19,14789
2020-10-16,15116,17,15133
2020-10-17,12843,63,12906
2020-10-18,11947,82,12029
2020-10-19,13727,27,13754
2020-10-20,5272,10,5282
2020-10-21,12176,3,12179
2020-10-22,10832,12,10844
2020-10-23,11611,17,11628
2020-10-24,11412,39,11451
2020-10-25,5968,8,5976
2020-10-26,11382,9,11391
2020-10-27,12515,12,12527
2020-10-28,12871,7,12878
2020-10-29,12983,11,12994
2020-10-30,13803,32,13835
2020-10-31,11642,64,11706
2020-11-01,10289,67,10356
2020-11-02,8879,70,8949
2020-11-03,7923,16,7939
2020-11-04,9050,7,9057
2020-11-05,5090,4,5094
2020-11-06,11478,1,11479
2020-11-07,8741,17,8758
2020-11-08,9287,51,9338
2020-11-09,8006,28,8034
2020-11-10,11938,12,11950
2020-11-11,12579,5,12584
2020-11-12,12652,7,12659
2020-11-13,13623,11,13634
2020-11-14,7140,9,7149
2020-11-15,8494,40,8534
2020-11-16,11563,9,11572
2020-11-17,11120,5,11125
2020-11-18,12361,9,12370
2020-11-19,13138,11,13149
2020-11-20,13641,14,13655
2020-11-21,10933,62,10995
2020-11-22,9411,58,9469
2020-11-23,10770,7,10777
2020-11-24,11611,9,11620
2020-11-25,10941,7,10948
2020-11-26,6304,3,6307
2020-11-27,6015,0,6015
2020-11-28,9880,29,9909
2020-11-29,8737,44,8781
2020-11-30,10604,14,10618
2020-12-01,11756,6,11762
2020-12-02,11648,4,11652
2020-12-03,11060,7,11067
2020-12-04,10484,5,10489
2020-12-05,7960,22,7982
2020-12-06,6906,17,6923
2020-12-07,6250,4,6254
2020-12-08,6950,36,6986
2020-12-09,10155,12,10167
2020-12-10,10690,12,10702
2020-12-11,10930,12,10942
2020-12-12,10464,19,10483
2020-12-13,8722,21,8743
2020-12-14,8844,5,8849
2020-12-15,10917,2,10919
2020-12-16,9813,2,9815
2020-12-17,11421,10,11431
2020-12-18,11558,4,11562
2020-12-19,5544,12,5556
2020-12-20,7805,33,7838
2020-12-21,9423,24,9447
2020-12-22,9878,22,9900
2020-12-23,8738,12,8750
2020-12-24,5097,20,5117
2020-12-25,3463,22,3485
2020-12-26,5628,37,5665
2020-12-27,4802,28,4830
2020-12-28,6174,37,6211
2020-12-29,6869,15,6884
2020-12-30,7198,6,7204
2020-12-31,4894,6,4900
2021-01-01,3213,28,3241
2021-01-02,5180,34,5214
2021-01-03,5256,48,5304
2021-01-04,6903,6,6909
2021-01-05,7267,16,7283
2021-01-06,4216,39,4255
2021-01-07,4001,3,4004
2021-01-08,1942,2,1944
2021-01-09,118,0,118
2021-01-10,294,0,294
2021-01-11,514,0,514
2021-01-12,528,0,528
2021-01-13,788,4,792
2021-01-14,1129,3,1132
2021-01-15,1775,0,1775
2021-01-16,2140,5,2145
2021-01-17,2238,10,2248
2021-01-18,3101,2,3103
2021-01-19,3494,1,3495
2021-01-20,2696,2,2698
2021-01-21,3775,6,3781
2021-01-22,5436,5,5441
2021-01-23,3987,7,3994
2021-01-24,4898,8,4906
2021-01-25,6012,2,6014
2021-01-26,7378,7,7385
2021-01-27,8274,10,8284
2021-01-28,7749,7,7756
2021-01-29,8519,16,8535
2021-01-30,6863,24,6887
2021-01-31,5431,22,5453
2021-02-01,8030,9,8039
2021-02-02,8285,2,8287
2021-02-03,8214,3,8217
2021-02-04,8920,8,8928
2021-02-05,9368,17,9385
2021-02-06,5741,17,5758
2021-02-07,6432,36,6468
2021-02-08,6736,7,6743
2021-02-09,4424,5,4429
2021-02-10,9141,9,9150
2021-02-11,8683,11,8694
2021-02-12,10107,21,10128
2021-02-13,9414,63,9477
2021-02-14,8326,54,8380
2021-02-15,9527,22,9549
2021-02-16,10200,31,10231
2021-02-17,10726,10,10736
2021-02-18,11460,25,11485
2021-02-19,12080,32,12112
2021-02-20,10296,95,10391
2021-02-21,4544,18,4562
2021-02-22,8994,26,9020
2021-02-23,10934,31,10965
2021-02-24,11189,9,11198
2021-02-25,11516,19,11535
2021-02-26,12734,39,12773
2021-02-27,11009,99,11108
2021-02-28,8494,69,8563
2021-03-01,9234,15,9249
2021-03-02,11298,46,11344
2021-03-03,11926,47,11973
2021-03-04,12057,38,12095
2021-03-05,12844,15,12859
2021-03-06,10604,92,10696
2021-03-07,7657,52,7709
2021-03-08,8122,10,8132
2021-03-09,11733,27,11760
2021-03-10,12034,48,12082
2021-03-11,12972,30,13002
2021-03-12,13534,47,13581
2021-03-13,10868,119,10987
2021-03-14,9098,159,9257
2021-03-15,11262,25,11287
2021-03-16,12175,69,12244
2021-03-17,12519,60,12579
2021-03-18,12430,30,12460
2021-03-19,8139,39,8178
2021-03-20,8985,71,9056
2021-03-21,8457,82,8539
2021-03-22,11208,50,11258
2021-03-23,12706,39,12745
2021-03-24,13126,16,13142
2021-03-25,13141,35,13176
2021-03-26,12701,56,12757
2021-03-27,9902,134,10036
2021-03-28,9045,123,9168
2021-03-29,10479,88,10567
2021-03-30,11303,82,11385
2021-03-31,12106,127,12233
2021-04-01,9516,104,9620
2021-04-02,5505,50,5555
2021-04-03,8637,133,8770
2021-04-04,9612,188,9800
2021-04-05,11681,128,11809
2021-04-06,13782,68,13850
2021-04-07,13637,37,13674
2021-04-08,13441,65,13506
2021-04-09,9913,16,9929
2021-04-10,9852,88,9940
2021-04-11,6872,54,6926
2021-04-12,11872,22,11894
2021-04-13,10435,15,10450
2021-04-14,13300,30,13330
2021-04-15,12608,32,12640
2021-04-16,14194,65,14259
2021-04-17,11235,137,11372
2021-04-18,9450,107,9557
2021-04-19,11579,28,11607
2021-04-20,12466,36,12502
2021-04-21,13250,41,13291
2021-04-22,9284,47,9331
2021-04-23,13713,63,13776
2021-04-24,9026,68,9094
2021-04-25,2648,10,2658
2021-04-26,10301,34,10335
2021-04-27,10860,22,10882
2021-04-28,12028,24,12052
2021-04-29,12327,18,12345
2021-04-30,13377,37,13414
2021-05-01,9205,90,9295
2021-05-02,9410,110,9520
2021-05-03,8092,59,8151
2021-05-04,13322,16,13338
2021-05-05,14623,36,14659
2021-05-06,15174,54,15228
2021-05-07,16161,60,16221
2021-05-08,11997,168,12165
2021-05-09,6687,52,6739
2021-05-10,11661,37,11698
2021-05-11,13340,46,13386
2021-05-12,13623,44,13667
2021-05-13,13954,96,14050
2021-05-14,14135,106,14241
2021-05-15,10974,191,11165
2021-05-16,10339,148,10487
2021-05-17,13236,46,13282
2021-05-18,14918,68,14986
2021-05-19,13822,63,13885
2021-05-20,15420,68,15488
2021-05-21,15053,59,15112
2021-05-22,11115,98,11213
2021-05-23,8472,107,8579
2021-05-24,12933,44,12977
2021-05-25,14768,34,14802
2021-05-26,15218,50,15268
2021-05-27,15497,30,15527
2021-05-28,14177,47,14224
2021-05-29,11977,133,12110
2021-05-30,11016,117,11133
2021-05-31,13133,44,13177
2021-06-01,14061,33,14094
2021-06-02,15582,31,15613
2021-06-03,16487,80,16567
2021-06-04,15312,63,15375
2021-06-05,8995,59,9054
2021-06-06,9693,108,9801
2021-06-07,13994,59,14053
2021-06-08,15532,34,15566
2021-06-09,16228,55,16283
2021-06-10,16775,63,16838
2021-06-11,14410,54,14464
2021-06-12,11279,104,11383
2021-06-13,10492,89,10581
2021-06-14,14161,49,14210
2021-06-15,15845,43,15888
2021-06-16,13819,69,13888
2021-06-17,10790,37,10827
2021-06-18,13816,52,13868
2021-06-19,11018,102,11120
2021-06-20,8418,92,8510
2021-06-21,13437,39,13476
2021-06-22,12253,38,12291
2021-06-23,14665,58,14723
2021-06-24,15052,69,15121
2021-06-25,14423,84,14507
2021-06-26,10955,138,11093
2021-06-27,9384,133,9517
2021-06-28,13043,90,13133
2021-06-29,14072,67,14139
2021-06-30,14730,65,14795
2021-07-01,15014,63,15077
2021-07-02,13589,40,13629
2021-07-03,10320,76,10396
2021-07-04,9035,83,9118
2021-07-05,12772,65,12837
2021-07-06,10214,22,10236
2021-07-07,13745,59,13804
2021-07-08,13145,48,13193
2021-07-09,12148,55,12203
2021-07-10,8717,80,8797
2021-07-11,7396,56,7452
2021-07-12,11505,33,11538
2021-07-13,11903,38,11941
2021-07-14,12574,52,12626
2021-07-15,12232,39,12271
2021-07-16,10840,46,10886
2021-07-17,7715,56,7771
2021-07-18,7088,48,7136
2021-07-19,10280,45,10325
2021-07-20,11224,41,11265
2021-07-21,11356,38,11394
2021-07-22,11056,37,11093
2021-07-23,9781,33,9814
2021-07-24,7259,44,7303
2021-07-25,6613,74,6687
2021-07-26,9053,64,9117
2021-07-27,10152,113,10265
2021-07-28,10391,100,10491
2021-07-29,10713,68,10781
2021-07-30,9720,40,9760
2021-07-31,7311,70,7381
2021-08-01,6286,88,6374
2021-08-02,8118,52,8170
2021-08-03,8731,38,8769
2021-08-04,8890,63,8953
2021-08-05,8548,69,8617
2021-08-06,7817,41,7858
2021-08-07,5943,83,6026
2021-08-08,5590,69,5659
2021-08-09,7201,26,7227
2021-08-10,7717,20,7737
2021-08-11,7646,35,7681
2021-08-12,7292,34,7326
2021-08-13,6660,35,6695
2021-08-14,4881,45,4926
2021-08-15,4651,65,4716
2021-08-16,6801,47,6848
2021-08-17,7481,26,7507
2021-08-18,7642,37,7679
2021-08-19,7841,23,7864
2021-08-20,7159,72,7231
2021-08-21,5582,104,5686
2021-08-22,5331,77,5408
2021-08-23,7909,17,7926
2021-08-24,8689,26,8715
2021-08-25,8929,38,8967
2021-08-26,8747,41,8788
2021-08-27,8862,60,8922
2021-08-28,6815,67,6882
2021-08-29,6853,49,6902
2021-08-30,9944,50,9994
2021-08-31,11374,34,11408
2021-09-01,8639,21,8660
2021-09-02,10673,21,10694
2021-09-03,11745,64,11809
2021-09-04,9344,90,9434
2021-09-05,8682,77,8759
2021-09-06,11365,32,11397
2021-09-07,12706,17,12723
2021-09-08,13096,72,13168
2021-09-09,12846,23,12869
2021-09-10,12315,39,12354
2021-09-11,9535,52,9587
2021-09-12,8964,66,9030
2021-09-13,9724,17,9741
2021-09-14,5693,10,5703
2021-09-15,11435,14,11449
2021-09-16,12702,28,12730
2021-09-17,11921,38,11959
2021-09-18,9568,61,9629
2021-09-19,8902,80,8982
2021-09-20,11478,43,11521
2021-09-21,12085,26,12111
2021-09-22,10901,16,10917
2021-09-23,11755,29,11784
2021-09-24,9506,25,9531
2021-09-25,8732,85,8817
2021-09-26,8810,62,8872
2021-09-27,10769,15,10784
2021-09-28,11519,27,11546
2021-09-29,12335,26,12361
2021-09-30,12250,20,12270
2021-10-01,12115,40,12155
2021-10-02,9260,91,9351
2021-10-03,5044,26,5070
2021-10-04,10233,32,10265
2021-10-05,11289,41,11330
2021-10-06,12029,15,12044
2021-10-07,12136,48,12184
2021-10-08,11415,84,11499
2021-10-09,8133,85,8218
2021-10-10,7031,66,7097
2021-10-11,8694,48,8742
2021-10-12,7855,69,7924
2021-10-13,11409,27,11436
2021-10-14,11850,19,11869
2021-10-15,11436,23,11459
2021-10-16,8494,38,8532
2021-10-17,7532,55,7587
2021-10-18,10845,23,10868
2021-10-19,11674,15,11689
2021-10-20,11077,44,11121
2021-10-21,12069,18,12087
2021-10-22,11206,27,11233
2021-10-23,8688,60,8748
2021-10-24,7633,47,7680
2021-10-25,10106,62,10168
2021-10-26,9702,17,9719
2021-10-27,11295,31,11326
2021-10-28,11500,14,11514
2021-10-29,5106,6,5112
2021-10-30,4273,30,4303
2021-10-31,2873,19,2892
2021-11-01,4924,21,4945
2021-11-02,8692,17,8709
2021-11-03,10758,35,10793
2021-11-04,9598,27,9625
2021-11-05,8500,29,8529
2021-11-06,6303,29,6332
2021-11-07,5460,16,5476
2021-11-08,8309,8,8317
2021-11-09,6425,16,6441
2021-11-10,9645,4,9649
2021-11-11,10024,17,10041
2021-11-12,9942,33,9975
2021-11-13,7504,67,7571
2021-11-14,6566,45,6611
2021-11-15,7828,12,7840
2021-11-16,9439,7,9446
2021-11-17,9767,10,9777
2021-11-18,9484,10,9494
2021-11-19,9320,31,9351
2021-11-20,6239,16,6255
2021-11-21,6027,33,6060
2021-11-22,3809,9,3818
2021-11-23,6226,15,6241
2021-11-24,7531,0,7531
2021-11-25,8322,8,8330
2021-11-26,8258,17,8275
2021-11-27,5403,23,5426
2021-11-28,4749,32,4781
2021-11-29,7651,5,7656
2021-11-30,8553,4,8557
2021-12-01,7035,6,7041
2021-12-02,8300,13,8313
2021-12-03,7986,12,7998
2021-12-04,4981,19,5000
2021-12-05,3978,38,4016
2021-12-06,4109,56,4165
2021-12-07,5027,14,5041
2021-12-08,3699,9,3708
2021-12-09,7329,10,7339
2021-12-10,7943,8,7951
2021-12-11,6995,21,7016
2021-12-12,6169,21,6190
2021-12-13,8106,8,8114
2021-12-14,8889,10,8899
2021-12-15,8975,27,9002
2021-12-16,8679,13,8692
2021-12-17,8356,23,8379
2021-12-18,6336,25,6361
2021-12-19,5345,15,5360
2021-12-20,5571,13,5584
2021-12-21,7083,14,7097
2021-12-22,7569,17,7586
2021-12-23,4557,19,4576
2021-12-24,2418,16,2434
2021-12-25,2002,6,2008
2021-12-26,1330,6,1336
2021-12-27,4624,15,4639
2021-12-28,5325,38,5363
2021-12-29,5541,57,5598
2021-12-30,5778,37,5815
2021-12-31,4275,25,4300
2022-01-01,3061,69,3130
2022-01-02,3824,42,3866
2022-01-03,5600,20,5620
2022-01-04,5054,14,5068
2022-01-05,3231,10,3241
2022-01-06,3064,8,3072
2022-01-07,4678,7,4685
2022-01-08,3817,15,3832
2022-01-09,3980,31,4011
2022-01-10,6038,6,6044
2022-01-11,7842,8,7850
2022-01-12,7961,13,7974
2022-01-13,7948,4,7952
2022-01-14,7700,8,7708
2022-01-15,5857,22,5879
2022-01-16,5023,24,5047
2022-01-17,6940,6,6946
2022-01-18,7735,8,7743
2022-01-19,7797,5,7802
2022-01-20,8043,7,8050
2022-01-21,7019,11,7030
2022-01-22,5901,30,5931
2022-01-23,5156,9,5165
2022-01-24,7180,6,7186
2022-01-25,7997,10,8007
2022-01-26,8551,6,8557
2022-01-27,8581,7,8588
2022-01-28,8181,25,8206
2022-01-29,6631,23,6654
2022-01-30,5928,17,5945
2022-01-31,7987,11,7998
2022-02-01,8890,1,8891
2022-02-02,9626,10,9636
2022-02-03,9447,8,9455
2022-02-04,8942,21,8963
2022-02-05,7226,46,7272
2022-02-06,6210,49,6259
2022-02-07,8668,17,8685
2022-02-08,9699,21,9720
2022-02-09,9888,17,9905
2022-02-10,9953,18,9971
2022-02-11,9524,18,9542
2022-02-12,7615,60,7675
2022-02-13,5553,35,5588
2022-02-14,8336,20,8356
2022-02-15,9624,28,9652
2022-02-16,9871,16,9887
2022-02-17,10328,11,10339
2022-02-18,10028,46,10074
2022-02-19,6843,41,6884
2022-02-20,6581,45,6626
2022-02-21,9332,35,9367
2022-02-22,10476,18,10494
2022-02-23,10452,21,10473
2022-02-24,10215,22,10237
2022-02-25,6530,7,6537
2022-02-26,5215,13,5228
2022-02-27,6011,55,6066
2022-02-28,7750,47,7797
2022-03-01,10070,37,10107
2022-03-02,10379,39,10418
2022-03-03,4989,8,4997
2022-03-04,8884,37,8921
2022-03-05,7260,41,7301
2022-03-06,6119,32,6151
2022-03-07,5642,13,5655
2022-03-08,9957,16,9973
2022-03-09,10421,20,10441
2022-03-10,10230,19,10249
2022-03-11,5849,5,5854
2022-03-12,6768,41,6809
2022-03-13,5983,50,6033
2022-03-14,4167,2,4169
2022-03-15,8754,8,8762
2022-03-16,9522,21,9543
2022-03-17,7657,22,7679
2022-03-18,9439,31,9470
2022-03-19,6979,70,7049
2022-03-20,5991,66,6057
2022-03-21,3607,5,3612
2022-03-22,7194,9,7203
2022-03-23,7665,12,7677
2022-03-24,5368,6,5374
2022-03-25,6046,15,6061
2022-03-26,6165,37,6202
2022-03-27,6145,35,6180
2022-03-28,9165,21,9186
2022-03-29,10036,6,10042
2022-03-30,8816,13,8829
2022-03-31,9941,24,9965
2022-04-01,9415,13,9428
2022-04-02,6747,26,6773
2022-04-03,6109,46,6155
2022-04-04,8284,13,8297
2022-04-05,9235,7,9242
2022-04-06,10565,13,10578
2022-04-07,11132,19,11151
2022-04-08,9646,31,9677
2022-04-09,6977,61,7038
2022-04-10,6650,73,6723
2022-04-11,7984,52,8036
2022-04-12,6534,23,6557
2022-04-13,7385,33,7418
2022-04-14,4859,76,4935
2022-04-15,4868,61,4929
2022-04-16,5419,103,5522
2022-04-17,5859,65,5924
2022-04-18,9763,63,9826
2022-04-19,9078,20,9098
2022-04-20,6733,10,6743
2022-04-21,11473,19,11492
2022-04-22,3374,3,3377
2022-04-23,5174,14,5188
2022-04-24,8053,70,8123
2022-04-25,10855,41,10896
2022-04-26,8663,45,8708
2022-04-27,8337,29,8366
2022-04-28,9256,36,9292
2022-04-29,11255,79,11334
2022-04-30,8059,98,8157
2022-05-01,7736,124,7860
2022-05-02,5640,65,5705
2022-05-03,8427,25,8452
2022-05-04,11908,34,11942
2022-05-05,13236,54,13290
2022-05-06,12544,68,12612
2022-05-07,9816,150,9966
2022-05-08,9653,127,9780
2022-05-09,12088,49,12137
2022-05-10,12754,27,12781
2022-05-11,13915,3,13918
2022-05-12,13661,31,13692
2022-05-13,12597,22,12619
2022-05-14,9053,45,9098
2022-05-15,9127,66,9193
2022-05-16,8248,61,8309
2022-05-17,12660,16,12676
2022-05-18,13878,9,13887
2022-05-19,14491,11,14502
2022-05-20,13462,19,13481
2022-05-21,9747,27,9774
2022-05-22,9082,61,9143
2022-05-23,12386,14,12400
2022-05-24,12736,21,12757
2022-05-25,13665,11,13676
2022-05-26,13857,38,13895
2022-05-27,13452,82,13534
2022-05-28,10583,129,10712
2022-05-29,10512,92,10604
2022-05-30,11821,39,11860
2022-05-31,14083,41,14124
2022-06-01,14382,36,14418
2022-06-02,14557,17,14574
2022-06-03,14176,91,14267
2022-06-04,10409,91,10500
2022-06-05,9369,63,9432
2022-06-06,13315,42,13357
2022-06-07,14484,32,14516
2022-06-08,14839,44,14883
2022-06-09,15172,43,15215
2022-06-10,14015,35,14050
2022-06-11,10114,48,10162
2022-06-12,9224,55,9279
2022-06-13,12788,35,12823
2022-06-14,14087,16,14103
2022-06-15,14405,18,14423
2022-06-16,13678,7,13685
2022-06-17,12918,5,12923
2022-06-18,10022,49,10071
2022-06-19,9065,46,9111
2022-06-20,12473,29,12502
2022-06-21,14253,37,14290
2022-06-22,14525,62,14587
2022-06-23,13920,24,13944
2022-06-24,13471,21,13492
2022-06-25,9691,67,9758
2022-06-26,8991,90,9081
2022-06-27,12582,46,12628
2022-06-28,13316,55,13371
2022-06-29,13440,51,13491
2022-06-30,13421,47,13468
2022-07-01,12908,24,12932
2022-07-02,9861,57,9918
2022-07-03,8925,42,8967
2022-07-04,12800,69,12869
2022-07-05,13851,32,13883
2022-07-06,13435,28,13463
2022-07-07,13525,19,13544
2022-07-08,12519,44,12563
2022-07-09,8592,40,8632
2022-07-10,7916,24,7940
2022-07-11,11839,30,11869
2022-07-12,12047,40,12087
2022-07-13,13244,25,13269
2022-07-14,12572,18,12590
2022-07-15,10985,28,11013
2022-07-16,7632,45,7677
2022-07-17,7087,30,7117
2022-07-18,10850,19,10869
2022-07-19,12384,6,12390
2022-07-20,12791,11,12802
2022-07-21,12361,13,12374
2022-07-22,10518,7,10525
2022-07-23,6959,24,6983
2022-07-24,5946,6,5952
2022-07-25,6137,23,6160
2022-07-26,10881,12,10893
2022-07-27,11534,13,11547
2022-07-28,11703,19,11722
2022-07-29,10135,13,10148
2022-07-30,7001,19,7020
2022-07-31,6977,12,6989
2022-08-01,8977,16,8993
2022-08-02,9005,28,9033
2022-08-03,8977,3,8980
2022-08-04,8908,10,8918
2022-08-05,8253,29,8282
2022-08-06,6358,29,6387
2022-08-07,5941,51,5992
2022-08-08,8145,29,8174
2022-08-09,8757,25,8782
2022-08-10,9008,29,9037
2022-08-11,8790,16,8806
2022-08-12,7456,14,7470
2022-08-13,5075,16,5091
2022-08-14,4880,49,4929
2022-08-15,4850,36,4886
2022-08-16,7236,12,7248
2022-08-17,7349,11,7360
2022-08-18,9308,18,9326
2022-08-19,7298,7,7305
2022-08-20,5883,8,5891
2022-08-21,5736,17,5753
2022-08-22,8362,18,8380
2022-08-23,9267,13,9280
2022-08-24,10168,46,10214
2022-08-25,9930,32,9962
2022-08-26,9017,50,9067
2022-08-27,9424,64,9488
2022-08-28,7415,41,7456
2022-08-29,10169,14,10183
2022-08-30,11962,8,11970
2022-08-31,12788,18,12806
2022-09-01,12367,9,12376
2022-09-02,11978,22,12000
2022-09-03,10231,37,10268
2022-09-04,8781,31,8812
2022-09-05,12841,30,12871
2022-09-06,13643,16,13659
2022-09-07,13347,14,13361
2022-09-08,14323,19,14342
2022-09-09,13894,26,13920
2022-09-10,10593,49,10642
2022-09-11,10103,56,10159
2022-09-12,11310,18,11328
2022-09-13,10221,44,10265
2022-09-14,14051,40,14091
2022-09-15,12309,30,12339
2022-09-16,13947,41,13988
2022-09-17,10750,52,10802
2022-09-18,10402,47,10449
2022-09-19,13363,44,13407
2022-09-20,14206,33,14239
2022-09-21,15149,49,15198
2022-09-22,15625,44,15669
2022-09-23,13388,28,13416
2022-09-24,11016,50,11066
2022-09-25,8512,22,8534
2022-09-26,12328,12,12340
2022-09-27,13870,18,13888
2022-09-28,14225,14,14239
2022-09-29,11548,26,11574
2022-09-30,12923,34,12957